"Fecha","Último","Apertura","Máximo","Mínimo","Vol.","% var."
"31.12.2024","65,480","65,120","65,700","65,120","58,39K","0,60%"
"30.12.2024","65,090","64,370","65,250","64,370","79,90K","0,95%"
"27.12.2024","64,480","63,990","64,804","63,888","45,69K","0,95%"
"26.12.2024","63,875","64,020","64,350","63,760","45,26K","-0,35%"
"24.12.2024","64,100","63,800","64,300","63,800","47,57K","0,47%"
"23.12.2024","63,800","63,540","63,825","63,206","64,33K","-0,31%"
"20.12.2024","64,000","63,520","64,126","63,049","60,58K","-1,80%"
"19.12.2024","65,170","65,630","65,990","65,150","80,20K","-0,31%"
"18.12.2024","65,370","65,560","65,999","65,250","58,21K","-0,11%"
"17.12.2024","65,440","65,550","65,550","64,800","41,27K","-0,38%"
"16.12.2024","65,690","65,500","65,930","65,290","58,53K","0,26%"
"13.12.2024","65,520","65,200","65,690","65,133","43,19K","0,63%"
"12.12.2024","65,110","65,450","65,450","64,400","29,03K","0,02%"
"11.12.2024","65,100","64,350","65,430","64,290","79,74K","1,88%"
"10.12.2024","63,900","63,790","64,417","63,670","78,56K","0,61%"
"09.12.2024","63,510","63,170","64,100","63,170","99,75K","1,29%"
"06.12.2024","62,700","63,040","63,202","62,380","88,87K","-1,65%"
"05.12.2024","63,750","64,400","64,400","63,398","38,95K","-0,30%"
"04.12.2024","63,940","64,880","65,130","63,810","36,41K","-1,62%"
"03.12.2024","64,990","63,920","65,100","63,920","126,00K","2,48%"
"02.12.2024","63,420","63,790","63,967","63,166","47,26K","-0,41%"
"29.11.2024","63,680","64,140","64,544","63,660","43,20K","-0,38%"
"27.11.2024","63,920","63,510","64,260","63,300","34,45K","0,35%"
"26.11.2024","63,700","63,910","64,570","63,250","66,53K","-0,19%"
"25.11.2024","63,820","64,420","64,990","63,730","73,33K","-2,25%"
"22.11.2024","65,290","64,710","65,473","64,581","72,66K","1,19%"
"21.11.2024","64,520","64,120","64,670","64,060","55,77K","0,80%"
"20.11.2024","64,010","64,680","64,680","63,594","45,45K","-2,62%"
"19.11.2024","65,730","65,730","65,938","65,170","76,22K","0,34%"
"18.11.2024","65,510","64,450","65,560","64,450","111,91K","2,70%"
"15.11.2024","63,790","64,960","64,960","63,650","98,56K","-1,76%"
"14.11.2024","64,930","65,000","65,250","64,460","71,03K","0,73%"
"13.11.2024","64,460","64,360","65,000","63,600","94,35K","0,16%"
"12.11.2024","64,360","65,000","65,140","64,160","139,66K","-0,06%"
"11.11.2024","64,400","65,000","65,010","64,250","228,74K","-2,29%"
"08.11.2024","65,910","66,520","66,520","65,450","114,11K","-1,27%"
"07.11.2024","66,760","66,050","67,231","65,720","47,13K","0,20%"
"06.11.2024","66,630","65,730","67,020","65,100","49,70K","-0,02%"
"05.11.2024","66,640","66,650","67,000","66,120","38,62K","0,83%"
"04.11.2024","66,090","65,590","66,280","65,430","56,27K","2,61%"
"01.11.2024","64,410","65,290","65,850","64,290","31,14K","-1,23%"
"31.10.2024","65,210","64,120","65,290","64,060","41,11K","1,92%"
"30.10.2024","63,980","63,000","64,350","63,000","42,91K","2,29%"
"29.10.2024","62,550","63,000","63,290","62,150","50,90K","-0,90%"
"28.10.2024","63,120","63,000","63,500","62,619","157,75K","-3,90%"
"25.10.2024","65,680","65,560","65,930","65,119","38,84K","1,06%"
"24.10.2024","64,990","65,140","65,535","64,500","16,13K","-0,14%"
"23.10.2024","65,080","65,010","65,840","64,720","45,87K","-0,60%"
"22.10.2024","65,470","65,010","65,810","64,820","48,95K","0,11%"
"21.10.2024","65,400","65,000","65,492","65,000","72,69K","1,27%"
"18.10.2024","64,580","65,160","65,160","63,919","151,74K","-1,30%"
"17.10.2024","65,430","65,260","65,500","64,460","69,29K","0,31%"
"16.10.2024","65,225","65,150","65,400","64,620","56,48K","-0,36%"
"15.10.2024","65,460","65,470","65,697","64,600","157,54K","-2,79%"
"14.10.2024","67,340","67,180","67,621","67,000","151,88K","-0,77%"
"11.10.2024","67,860","67,580","68,126","67,500","40,77K","-0,24%"
"10.10.2024","68,020","67,200","68,200","67,200","81,34K","1,25%"
"09.10.2024","67,180","66,870","67,300","66,320","65,07K","-1,15%"
"08.10.2024","67,960","68,250","68,300","67,500","210,82K","-1,06%"
"07.10.2024","68,690","68,410","68,820","68,275","46,54K","1,04%"
"04.10.2024","67,980","67,400","68,200","67,200","54,20K","1,15%"
"03.10.2024","67,210","66,890","67,590","66,717","37,85K","1,37%"
"02.10.2024","66,300","66,910","67,062","65,811","33,59K","0,00%"
"01.10.2024","66,300","64,600","66,985","64,600","84,59K","1,81%"
"30.09.2024","65,120","65,040","65,720","64,640","26,14K","-0,12%"
"27.09.2024","65,200","64,430","65,215","64,245","61,02K","1,32%"
"26.09.2024","64,350","64,820","65,034","64,040","83,06K","-2,65%"
"25.09.2024","66,100","66,900","66,990","65,820","46,14K","-1,56%"
"24.09.2024","67,150","67,340","67,340","66,901","29,32K","0,80%"
"23.09.2024","66,620","66,910","67,490","65,860","48,51K","-0,37%"
"20.09.2024","66,870","66,900","66,900","66,231","65,86K","-2,93%"
"19.09.2024","68,890","68,230","68,950","68,200","144,88K","2,00%"
"18.09.2024","67,540","67,870","68,100","67,440","87,00K","-0,81%"
"17.09.2024","68,090","67,880","68,380","67,590","119,92K","0,74%"
"16.09.2024","67,590","67,800","67,800","67,110","139,18K","1,14%"
"13.09.2024","66,830","67,650","67,730","66,380","120,49K","-0,16%"
"12.09.2024","66,940","66,490","67,330","65,750","147,09K","2,78%"
"11.09.2024","65,130","65,010","65,820","63,790","218,68K","1,45%"
"10.09.2024","64,200","66,310","66,670","63,550","102,17K","-3,17%"
"09.09.2024","66,300","66,000","66,800","65,320","46,01K","0,73%"
"06.09.2024","65,820","67,300","67,490","65,155","54,39K","-1,69%"
"05.09.2024","66,950","67,000","68,255","66,600","39,75K","0,47%"
"04.09.2024","66,640","67,800","67,800","66,550","60,38K","-1,82%"
"03.09.2024","67,875","69,000","69,000","67,640","75,03K","-3,59%"
"30.08.2024","70,400","71,740","71,740","70,070","29,51K","-1,87%"
"29.08.2024","71,740","71,800","72,020","71,440","17,11K","1,13%"
"28.08.2024","70,940","70,910","71,380","70,660","33,46K","-1,10%"
"27.08.2024","71,730","72,000","72,100","71,340","36,86K","-0,65%"
"26.08.2024","72,200","72,230","72,430","72,100","71,73K","1,72%"
"23.08.2024","70,980","70,590","71,094","70,390","39,01K","1,98%"
"22.08.2024","69,600","68,950","69,980","68,950","29,27K","1,06%"
"21.08.2024","68,870","70,000","70,410","68,680","87,23K","-1,77%"
"20.08.2024","70,110","70,750","70,820","70,000","28,17K","-0,40%"
"19.08.2024","70,390","71,250","71,570","70,220","79,70K","-1,39%"
"16.08.2024","71,380","71,530","71,680","71,160","35,57K","-0,65%"
"15.08.2024","71,850","71,740","72,192","71,720","40,76K","0,63%"
"14.08.2024","71,400","71,340","72,000","71,320","35,83K","-0,49%"
"13.08.2024","71,750","71,460","72,110","71,460","45,93K","-0,49%"
"12.08.2024","72,100","71,370","72,500","71,290","137,82K","1,75%"
"09.08.2024","70,860","70,200","70,950","70,090","42,79K","0,75%"
"08.08.2024","70,330","69,410","70,586","69,410","73,24K","1,01%"
"07.08.2024","69,630","68,920","70,066","68,920","67,19K","2,77%"
"06.08.2024","67,750","67,550","68,430","67,180","47,31K","-1,07%"
"05.08.2024","68,480","67,550","68,480","67,100","119,23K","-0,17%"
"02.08.2024","68,600","69,170","69,170","67,800","221,06K","-3,68%"
"01.08.2024","71,220","72,440","72,628","70,870","31,78K","-1,70%"
"31.07.2024","72,450","71,280","72,570","71,010","54,31K","3,81%"
"30.07.2024","69,790","69,810","70,000","69,330","73,80K","-0,80%"
"29.07.2024","70,350","71,590","71,700","70,000","52,61K","-0,99%"
"26.07.2024","71,050","71,020","71,915","70,750","55,74K","-2,01%"
"25.07.2024","72,510","71,320","72,694","70,750","45,88K","0,82%"
"24.07.2024","71,920","71,760","72,220","71,400","33,43K","0,55%"
"23.07.2024","71,530","71,860","72,095","70,700","47,06K","-1,38%"
"22.07.2024","72,530","72,100","72,670","71,940","40,21K","-1,41%"
"19.07.2024","73,570","74,850","75,609","73,500","77,40K","-2,28%"
"18.07.2024","75,290","75,420","75,990","75,100","33,04K","-0,52%"
"17.07.2024","75,680","75,180","75,740","75,170","64,66K","1,86%"
"16.07.2024","74,300","74,200","74,689","73,960","101,69K","-1,21%"
"15.07.2024","75,210","75,130","75,350","74,860","123,48K","-0,32%"
"12.07.2024","75,450","75,990","75,990","75,080","34,07K","-0,25%"
"11.07.2024","75,640","75,030","75,750","75,011","15,98K","0,17%"
"10.07.2024","75,510","75,000","75,560","74,800","50,58K","0,59%"
"09.07.2024","75,070","75,120","75,470","74,891","42,81K","-0,37%"
"08.07.2024","75,350","75,570","75,570","75,254","40,92K","-0,23%"
"05.07.2024","75,520","75,510","75,905","75,470","30,21K","0,13%"
"03.07.2024","75,420","75,240","75,420","75,040","30,51K","0,24%"
"02.07.2024","75,240","75,500","75,500","75,130","22,94K","0,08%"
"01.07.2024","75,180","74,510","75,260","74,510","42,22K","1,18%"
"28.06.2024","74,300","74,000","74,690","74,000","21,82K","-0,21%"
"27.06.2024","74,460","74,240","74,600","74,020","52,33K","0,84%"
"26.06.2024","73,840","74,140","74,330","73,805","24,79K","-0,39%"
"25.06.2024","74,130","73,930","74,360","73,850","18,36K","-0,20%"
"24.06.2024","74,280","73,680","74,358","73,680","61,35K","0,51%"
"21.06.2024","73,900","74,000","74,315","73,651","34,62K","-1,39%"
"20.06.2024","74,940","75,050","75,050","74,640","48,08K","0,46%"
"18.06.2024","74,600","73,980","74,630","73,880","78,45K","0,91%"
"17.06.2024","73,930","73,140","74,000","72,923","40,52K","1,66%"
"14.06.2024","72,720","73,100","73,286","72,530","33,13K","0,11%"
"13.06.2024","72,640","72,540","73,110","72,400","36,60K","0,11%"
"12.06.2024","72,560","73,090","73,434","72,060","36,55K","0,43%"
"11.06.2024","72,250","71,550","72,599","71,530","31,72K","0,07%"
"10.06.2024","72,200","70,270","72,341","70,270","106,70K","3,22%"
"07.06.2024","69,950","70,300","70,870","69,940","50,01K","-0,27%"
"06.06.2024","70,140","69,250","70,329","69,250","33,16K","0,99%"
"05.06.2024","69,450","69,600","70,585","68,760","87,08K","-0,13%"
"04.06.2024","69,540","68,960","70,000","68,500","72,19K","0,53%"
"03.06.2024","69,170","71,650","71,650","68,943","590,85K","-3,60%"
"31.05.2024","71,750","72,540","72,540","71,350","38,97K","-1,03%"
"30.05.2024","72,500","72,910","73,200","72,076","18,05K","-0,89%"
"29.05.2024","73,150","73,620","73,996","73,030","28,74K","-0,68%"
"28.05.2024","73,650","72,870","73,824","72,870","44,25K","2,28%"
"24.05.2024","72,010","71,928","72,010","71,260","21,45K","1,21%"
"23.05.2024","71,150","72,150","72,500","70,900","54,76K","-0,57%"
"22.05.2024","71,560","72,010","72,430","71,550","42,24K","-1,53%"
"21.05.2024","72,670","72,500","72,840","72,190","46,45K","-1,97%"
"20.05.2024","74,130","74,050","74,630","73,537","52,68K","-0,05%"
"17.05.2024","74,170","73,500","74,410","73,500","36,63K","0,90%"
"16.05.2024","73,510","73,430","73,950","73,290","62,69K","0,53%"
"15.05.2024","73,120","72,310","73,138","71,530","81,71K","0,72%"
"14.05.2024","72,600","72,880","73,190","72,400","42,29K","-0,98%"
"13.05.2024","73,320","72,860","73,320","72,860","26,09K","0,92%"
"10.05.2024","72,650","73,470","73,790","72,507","33,91K","-1,29%"
"09.05.2024","73,600","73,210","73,600","73,020","18,94K","0,55%"
"08.05.2024","73,200","72,070","73,217","71,800","30,10K","0,65%"
"07.05.2024","72,730","73,760","73,760","71,710","40,71K","-0,07%"
"06.05.2024","72,780","72,260","73,000","72,250","48,84K","0,73%"
"03.05.2024","72,250","73,840","73,840","72,216","49,76K","-1,12%"
"02.05.2024","73,070","73,120","73,570","72,581","31,79K","-0,05%"
"01.05.2024","73,110","74,830","75,290","73,010","72,66K","-3,28%"
"30.04.2024","75,590","76,200","76,250","74,900","31,55K","-0,94%"
"29.04.2024","76,310","77,000","77,284","76,200","32,71K","-0,90%"
"26.04.2024","77,000","77,220","77,660","76,760","28,59K","-0,26%"
"25.04.2024","77,200","76,000","77,250","75,520","28,16K","0,92%"
"24.04.2024","76,500","76,550","76,880","76,020","13,16K","-0,39%"
"23.04.2024","76,800","75,380","76,835","74,865","34,29K","1,78%"
"22.04.2024","75,460","74,750","75,917","74,500","49,23K","-0,29%"
"19.04.2024","75,680","75,610","76,020","75,260","37,60K","-0,94%"
"18.04.2024","76,400","76,410","77,000","75,680","60,26K","-0,01%"
"17.04.2024","76,410","77,710","77,888","76,039","78,09K","-2,31%"
"16.04.2024","78,220","78,240","78,445","77,935","32,04K","-0,04%"
"15.04.2024","78,250","78,180","78,500","77,550","65,90K","-0,19%"
"12.04.2024","78,400","78,770","79,255","78,150","40,55K","-0,25%"
"11.04.2024","78,600","78,570","78,710","78,137","30,60K","-0,23%"
"10.04.2024","78,780","78,460","78,870","78,350","27,38K","0,48%"
"09.04.2024","78,400","78,760","78,770","78,250","37,97K","-0,17%"
"08.04.2024","78,530","78,550","78,630","78,250","41,66K","0,00%"
"05.04.2024","78,530","78,620","78,650","78,249","28,65K","0,10%"
"04.04.2024","78,450","78,620","78,620","78,017","41,65K","0,23%"
"03.04.2024","78,270","78,360","78,360","78,134","23,89K","0,17%"
"02.04.2024","78,140","77,820","78,150","77,690","47,79K","0,89%"
"01.04.2024","77,450","77,200","77,750","77,092","37,38K","0,39%"
"28.03.2024","77,150","76,870","77,300","76,665","30,15K","1,09%"
"27.03.2024","76,320","75,630","76,320","75,630","27,71K","0,30%"
"26.03.2024","76,090","76,490","76,490","76,090","35,53K","-0,35%"
"25.03.2024","76,360","75,970","76,425","75,960","34,35K","1,10%"
"22.03.2024","75,530","75,520","75,720","75,400","24,56K","0,04%"
"21.03.2024","75,500","75,280","75,611","75,050","29,62K","-0,32%"
"20.03.2024","75,740","75,790","75,910","75,300","101,12K","-0,80%"
"19.03.2024","76,350","76,400","76,470","76,020","40,57K","-1,86%"
"18.03.2024","77,800","77,470","77,900","76,989","95,43K","1,33%"
"15.03.2024","76,780","76,620","76,990","76,320","40,38K","0,10%"
"14.03.2024","76,700","76,250","76,960","75,980","51,43K","1,32%"
"13.03.2024","75,700","75,220","75,900","75,220","27,97K","1,49%"
"12.03.2024","74,590","74,730","75,000","74,280","37,88K","-0,19%"
"11.03.2024","74,730","74,440","74,795","73,700","46,75K","0,24%"
"08.03.2024","74,550","74,910","74,980","74,350","46,58K","-0,57%"
"07.03.2024","74,980","74,670","75,150","74,369","37,89K","-0,03%"
"06.03.2024","75,000","74,600","75,160","74,600","26,50K","0,74%"
"05.03.2024","74,450","74,500","74,900","74,320","31,54K","-0,11%"
"04.03.2024","74,530","74,870","75,000","74,520","24,76K","-0,25%"
"01.03.2024","74,720","74,550","74,920","74,550","36,34K","0,90%"
"29.02.2024","74,050","74,340","74,510","74,000","29,46K","-0,40%"
"28.02.2024","74,350","74,390","74,550","74,100","24,42K","0,05%"
"27.02.2024","74,310","73,750","74,500","73,750","40,29K","0,77%"
"26.02.2024","73,740","73,040","73,950","72,710","99,03K","0,92%"
"23.02.2024","73,070","73,640","73,640","72,950","73,89K","-1,16%"
"22.02.2024","73,930","73,010","74,006","73,010","33,38K","0,35%"
"21.02.2024","73,670","73,010","73,725","73,010","22,83K","0,29%"
"20.02.2024","73,460","73,920","73,920","73,040","49,83K","-2,42%"
"16.02.2024","75,280","75,050","75,289","74,641","56,90K","0,51%"
"15.02.2024","74,900","74,750","75,000","74,274","30,29K","1,18%"
"14.02.2024","74,030","75,000","75,000","73,800","45,75K","-0,74%"
"13.02.2024","74,580","74,310","74,830","74,104","32,30K","0,49%"
"12.02.2024","74,220","73,930","74,250","73,790","30,22K","0,64%"
"09.02.2024","73,750","74,000","74,110","73,500","54,71K","0,07%"
"08.02.2024","73,700","72,800","73,850","72,800","23,36K","1,87%"
"07.02.2024","72,350","71,510","72,480","71,510","19,50K","0,74%"
"06.02.2024","71,820","71,290","72,200","71,290","19,52K","0,76%"
"05.02.2024","71,280","71,000","71,505","70,280","25,17K","0,82%"
"02.02.2024","70,700","71,500","71,500","70,415","34,12K","-1,44%"
"01.02.2024","71,730","72,710","73,400","71,710","30,18K","-1,32%"
"31.01.2024","72,690","73,410","73,410","72,610","22,65K","-1,02%"
"30.01.2024","73,440","72,870","73,700","72,870","18,16K","0,58%"
"29.01.2024","73,020","73,400","73,400","72,912","18,06K","-0,59%"
"26.01.2024","73,450","72,880","73,535","72,650","29,19K","0,48%"
"25.01.2024","73,100","72,650","73,216","72,450","35,21K","1,32%"
"24.01.2024","72,150","71,800","72,450","71,720","36,91K","0,82%"
"23.01.2024","71,560","71,070","71,878","71,070","22,05K","-0,04%"
"22.01.2024","71,590","71,140","72,044","70,900","35,23K","0,89%"
"19.01.2024","70,960","71,060","71,500","70,580","63,02K","-1,38%"
"18.01.2024","71,950","71,250","72,140","71,110","58,68K","1,32%"
"17.01.2024","71,010","70,550","71,150","69,830","43,78K","0,72%"
"16.01.2024","70,500","71,080","71,300","70,250","53,69K","-0,66%"
"12.01.2024","70,970","71,750","72,160","70,860","53,26K","0,21%"
"11.01.2024","70,820","71,270","71,750","70,440","41,65K","1,37%"
"10.01.2024","69,860","71,260","71,550","69,610","47,23K","-1,08%"
"09.01.2024","70,620","70,580","71,100","69,850","39,83K","1,49%"
"08.01.2024","69,580","69,370","69,660","68,590","83,44K","-3,09%"
"05.01.2024","71,800","71,570","72,000","71,144","38,88K","1,95%"
"04.01.2024","70,430","71,140","71,140","69,538","49,80K","-0,73%"
"03.01.2024","70,950","69,780","71,105","69,560","41,41K","3,12%"
"02.01.2024","68,800","70,420","70,420","68,520","69,00K","-1,22%"
"29.12.2023","69,650","70,580","70,580","69,650","58,99K","-0,43%"
"28.12.2023","69,950","70,950","71,530","69,800","97,88K","-2,15%"
"27.12.2023","71,490","72,460","72,460","71,450","52,49K","-1,38%"
"26.12.2023","72,490","71,710","72,960","71,710","78,99K","1,83%"
"22.12.2023","71,190","71,740","72,100","71,011","32,96K","-0,28%"
"21.12.2023","71,390","70,610","71,400","70,610","51,18K","0,11%"
"20.12.2023","71,310","71,990","72,160","71,100","42,67K","-0,27%"
"19.12.2023","71,500","70,600","71,500","70,510","51,64K","0,20%"
"18.12.2023","71,360","71,700","72,350","70,898","123,57K","1,09%"
"15.12.2023","70,590","70,730","70,730","69,500","55,94K","-0,04%"
"14.12.2023","70,620","70,220","71,000","70,220","68,97K","2,75%"
"13.12.2023","68,730","68,410","68,999","68,005","39,11K","1,15%"
"12.12.2023","67,950","68,650","68,650","67,550","81,32K","-3,19%"
"11.12.2023","70,190","70,100","70,285","69,420","33,14K","0,30%"
"08.12.2023","69,980","69,850","70,310","69,210","46,11K","2,16%"
"07.12.2023","68,500","69,120","69,130","67,750","56,05K","0,03%"
"06.12.2023","68,480","69,930","70,060","68,065","156,45K","-3,79%"
"05.12.2023","71,180","72,290","72,610","70,880","59,49K","-1,14%"
"04.12.2023","72,000","72,210","73,230","71,294","78,17K","-1,07%"
"01.12.2023","72,780","74,030","74,980","72,500","69,80K","-1,23%"
"30.11.2023","73,690","76,390","77,180","73,400","82,53K","-2,71%"
"29.11.2023","75,740","75,340","75,990","73,850","90,56K","1,77%"
"28.11.2023","74,420","74,170","75,120","73,590","39,53K","1,31%"
"27.11.2023","73,460","73,900","73,925","72,900","51,11K","-0,73%"
"24.11.2023","74,000","74,260","75,000","73,870","10,89K","-0,75%"
"22.11.2023","74,560","72,960","74,920","72,100","85,39K","-1,30%"
"21.11.2023","75,540","75,280","75,690","74,910","34,70K","-0,08%"
"20.11.2023","75,600","75,380","76,100","75,030","82,14K","-0,17%"
"17.11.2023","75,730","74,770","76,070","74,355","85,18K","3,13%"
"16.11.2023","73,430","75,000","75,180","72,500","125,59K","-3,98%"
"15.11.2023","76,470","77,100","77,280","76,290","57,94K","-1,48%"
"14.11.2023","77,620","78,180","78,660","77,320","45,75K","-0,12%"
"13.11.2023","77,710","76,520","77,945","76,520","136,05K","1,52%"
"10.11.2023","76,550","76,490","76,790","75,830","47,91K","1,93%"
"09.11.2023","75,100","75,640","76,440","74,950","55,83K","0,12%"
"08.11.2023","75,010","76,190","76,360","74,410","92,65K","-2,27%"
"07.11.2023","76,750","78,020","78,020","76,440","123,89K","-3,67%"
"06.11.2023","79,670","80,210","80,600","79,510","50,33K","0,40%"
"03.11.2023","79,350","80,120","80,670","78,800","54,07K","-1,33%"
"02.11.2023","80,420","79,270","80,890","79,270","25,84K","1,39%"
"01.11.2023","79,320","80,540","80,850","78,820","27,59K","-0,15%"
"31.10.2023","79,440","80,430","80,970","78,820","36,80K","-0,71%"
"30.10.2023","80,010","80,640","81,160","79,570","41,62K","-1,76%"
"27.10.2023","81,440","81,240","81,865","80,300","21,90K","1,05%"
"26.10.2023","80,590","80,230","80,990","80,070","37,56K","-1,21%"
"25.10.2023","81,580","81,000","81,730","79,770","25,45K","1,08%"
"24.10.2023","80,710","81,268","81,420","80,080","32,23K","-1,54%"
"23.10.2023","81,970","82,360","82,730","81,500","47,10K","-0,95%"
"20.10.2023","82,760","82,820","83,100","82,440","35,45K","-0,46%"
"19.10.2023","83,140","81,880","83,140","81,507","46,85K","-0,26%"
"18.10.2023","83,360","83,360","83,690","83,080","61,22K","0,64%"
"17.10.2023","82,830","82,850","82,890","82,010","46,74K","0,06%"
"16.10.2023","82,780","82,880","82,880","82,100","44,00K","-0,05%"
"13.10.2023","82,820","81,990","82,820","81,525","36,63K","3,40%"
"12.10.2023","80,100","81,200","81,230","79,430","20,17K","-0,58%"
"11.10.2023","80,570","81,020","81,060","79,600","46,38K","-1,15%"
"10.10.2023","81,510","81,910","81,910","81,000","24,05K","-0,40%"
"09.10.2023","81,840","81,630","82,000","81,000","42,88K","3,59%"
"06.10.2023","79,000","79,250","79,420","78,170","29,37K","0,32%"
"05.10.2023","78,750","79,050","80,130","78,500","54,86K","-1,99%"
"04.10.2023","80,350","82,690","82,690","80,000","76,14K","-3,97%"
"03.10.2023","83,670","83,660","84,310","83,530","28,65K","0,34%"
"02.10.2023","83,390","84,250","84,510","83,180","43,38K","-0,99%"
"29.09.2023","84,220","84,750","84,750","83,970","34,48K","-0,59%"
"28.09.2023","84,720","85,130","85,130","84,350","36,05K","-0,71%"
"27.09.2023","85,330","84,500","85,400","84,500","60,72K","1,28%"
"26.09.2023","84,250","83,560","84,480","83,560","48,45K","0,49%"
"25.09.2023","83,840","83,900","84,100","83,460","25,46K","-0,38%"
"22.09.2023","84,160","84,330","84,500","83,410","19,27K","0,55%"
"21.09.2023","83,700","84,070","84,480","83,660","72,32K","0,12%"
"20.09.2023","83,600","83,440","84,288","83,280","61,26K","-0,78%"
"19.09.2023","84,260","84,800","84,800","84,160","51,53K","-1,28%"
"18.09.2023","85,350","85,350","85,490","84,750","52,04K","0,12%"
"15.09.2023","85,250","84,990","85,270","84,650","46,16K","0,29%"
"14.09.2023","85,000","84,560","85,000","84,560","32,32K","1,19%"
"13.09.2023","84,000","84,200","84,300","83,770","26,50K","-0,01%"
"12.09.2023","84,010","83,680","84,250","83,680","46,44K","1,19%"
"11.09.2023","83,020","83,390","83,510","83,000","27,99K","0,21%"
"08.09.2023","82,850","82,760","83,250","82,760","35,41K","0,00%"
"07.09.2023","82,850","82,960","82,990","82,330","28,55K","-0,08%"
"06.09.2023","82,920","82,630","83,202","82,230","36,23K","0,51%"
"05.09.2023","82,500","82,500","83,000","82,252","46,58K","0,94%"
"01.09.2023","81,730","81,000","82,000","80,940","56,12K","1,86%"
"31.08.2023","80,235","79,560","80,340","79,377","41,21K","1,56%"
"30.08.2023","79,000","79,190","79,195","78,390","20,47K","0,47%"
"29.08.2023","78,630","77,720","78,630","77,270","28,06K","1,42%"
"28.08.2023","77,530","77,530","78,240","77,400","29,98K","-0,28%"
"25.08.2023","77,750","77,530","77,790","76,260","31,36K","1,32%"
"24.08.2023","76,740","76,100","77,030","75,500","20,81K","0,48%"
"23.08.2023","76,370","76,140","77,110","75,640","50,57K","-1,28%"
"22.08.2023","77,360","77,840","78,000","77,310","35,79K","-0,63%"
"21.08.2023","77,850","78,860","78,860","77,570","42,14K","-2,32%"
"18.08.2023","79,700","78,860","79,870","78,730","74,89K","1,07%"
"17.08.2023","78,860","79,820","79,820","78,600","39,31K","0,48%"
"16.08.2023","78,480","79,470","79,840","78,110","47,86K","-0,97%"
"15.08.2023","79,250","79,990","79,990","78,860","42,06K","-1,54%"
"14.08.2023","80,490","80,410","80,610","80,040","34,22K","-0,28%"
"11.08.2023","80,720","80,550","80,990","80,550","23,35K","0,21%"
"10.08.2023","80,550","80,940","80,970","80,500","28,64K","-0,56%"
"09.08.2023","81,000","80,830","81,050","80,600","30,04K","0,37%"
"08.08.2023","80,700","80,480","80,700","80,200","36,28K","0,06%"
"07.08.2023","80,650","80,880","80,880","80,340","32,82K","0,06%"
"04.08.2023","80,600","80,420","80,650","80,280","28,53K","0,47%"
"03.08.2023","80,220","80,050","80,400","79,752","34,48K","0,70%"
"02.08.2023","79,660","80,010","80,170","79,470","39,16K","-0,67%"
"01.08.2023","80,200","80,060","80,200","80,000","17,40K","0,12%"
"31.07.2023","80,100","79,900","80,237","79,900","33,96K","0,49%"
"28.07.2023","79,710","79,510","79,860","79,250","28,03K","0,47%"
"27.07.2023","79,340","79,150","79,750","79,150","24,36K","0,43%"
"26.07.2023","79,000","78,930","79,200","78,800","35,67K","-0,03%"
"25.07.2023","79,020","78,900","79,180","78,610","34,28K","0,15%"
"24.07.2023","78,900","78,120","79,000","78,000","46,22K","1,48%"
"21.07.2023","77,750","77,450","78,000","77,335","45,88K","0,47%"
"20.07.2023","77,390","76,840","77,550","76,720","27,73K","0,64%"
"19.07.2023","76,900","77,900","77,900","76,720","51,63K","-1,90%"
"18.07.2023","78,390","77,900","78,420","77,415","47,65K","1,34%"
"17.07.2023","77,350","77,830","77,910","77,250","59,86K","-0,62%"
"14.07.2023","77,830","78,750","78,750","77,770","44,31K","-1,11%"
"13.07.2023","78,700","77,970","78,740","77,640","52,57K","0,96%"
"12.07.2023","77,950","77,680","78,000","77,510","39,10K","0,91%"
"11.07.2023","77,250","76,200","77,420","76,200","48,31K","1,35%"
"10.07.2023","76,220","76,370","76,650","75,760","56,16K","-0,20%"
"07.07.2023","76,370","74,210","76,500","74,210","49,18K","1,91%"
"06.07.2023","74,940","74,620","74,980","73,610","29,75K","-0,15%"
"05.07.2023","75,050","74,610","75,200","74,420","56,27K","1,85%"
"03.07.2023","73,690","74,100","74,615","73,610","32,74K","-0,35%"
"30.06.2023","73,950","73,640","74,260","73,370","73,62K","0,90%"
"29.06.2023","73,290","72,800","73,670","72,510","42,08K","0,58%"
"28.06.2023","72,870","71,370","73,150","71,100","29,68K","1,93%"
"27.06.2023","71,490","72,300","72,800","71,350","55,41K","-1,99%"
"26.06.2023","72,940","72,750","73,200","72,020","24,01K","0,34%"
"23.06.2023","72,690","71,600","72,690","71,230","28,22K","-0,08%"
"22.06.2023","72,750","74,010","74,010","72,410","43,73K","-2,90%"
"21.06.2023","74,920","73,550","74,920","73,550","42,19K","1,72%"
"20.06.2023","73,650","73,680","74,050","72,620","45,52K","-1,87%"
"16.06.2023","75,050","74,010","75,090","74,005","47,88K","1,24%"
"15.06.2023","74,130","72,870","74,370","72,870","39,45K","1,95%"
"14.06.2023","72,710","73,750","73,850","72,166","49,80K","-0,32%"
"13.06.2023","72,940","72,330","73,200","72,330","29,87K","2,63%"
"12.06.2023","71,070","72,010","72,200","70,840","99,54K","-3,82%"
"09.06.2023","73,890","74,280","74,922","73,510","28,14K","-0,51%"
"08.06.2023","74,270","75,340","75,490","72,630","44,38K","-1,34%"
"07.06.2023","75,280","74,760","75,750","74,760","62,50K","1,32%"
"06.06.2023","74,300","73,970","74,925","73,590","32,45K","-0,28%"
"05.06.2023","74,510","75,520","75,660","74,510","68,18K","0,11%"
"02.06.2023","74,430","74,300","74,661","73,950","54,04K","2,30%"
"01.06.2023","72,760","71,000","73,650","70,914","31,36K","1,90%"
"31.05.2023","71,400","72,010","72,180","70,850","80,53K","-1,75%"
"30.05.2023","72,670","73,930","73,930","72,140","80,78K","-3,11%"
"26.05.2023","75,000","75,020","75,310","74,670","43,20K","0,79%"
"25.05.2023","74,410","75,260","75,260","73,530","37,89K","-1,79%"
"24.05.2023","75,770","75,560","76,070","74,900","51,60K","0,88%"
"23.05.2023","75,110","74,410","75,503","74,410","41,22K","1,43%"
"22.05.2023","74,050","73,930","74,720","73,500","47,73K","0,11%"
"19.05.2023","73,970","74,970","74,970","73,430","52,67K","-2,82%"
"18.05.2023","76,120","76,530","76,530","75,650","78,07K","-0,63%"
"17.05.2023","76,600","74,990","76,840","74,990","62,96K","2,52%"
"16.05.2023","74,720","75,570","75,670","74,670","45,16K","-0,65%"
"15.05.2023","75,210","75,190","75,500","74,520","22,40K","1,42%"
"12.05.2023","74,160","75,440","75,590","73,880","41,11K","-1,58%"
"11.05.2023","75,350","76,080","76,080","74,561","38,39K","-1,55%"
"10.05.2023","76,540","77,140","77,140","75,510","19,83K","-0,60%"
"09.05.2023","77,000","76,220","77,100","75,080","38,28K","1,00%"
"08.05.2023","76,240","76,520","77,100","75,970","85,67K","1,85%"
"05.05.2023","74,855","74,020","75,320","74,020","53,28K","3,59%"
"04.05.2023","72,260","71,850","73,212","71,050","66,52K","0,58%"
"03.05.2023","71,840","73,370","73,370","71,510","125,48K","-4,11%"
"02.05.2023","74,920","77,600","77,610","74,792","78,04K","-5,02%"
"01.05.2023","78,880","78,130","79,110","77,800","28,63K","-1,05%"
"28.04.2023","79,720","78,000","79,720","77,600","36,11K","2,27%"
"27.04.2023","77,950","77,640","78,250","77,270","27,52K","0,40%"
"26.04.2023","77,640","79,150","79,830","77,140","41,30K","-2,77%"
"25.04.2023","79,850","81,310","81,310","79,400","44,17K","-1,90%"
"24.04.2023","81,400","79,760","81,500","79,760","47,50K","1,24%"
"21.04.2023","80,400","79,950","80,745","79,950","19,79K","0,80%"
"20.04.2023","79,760","80,000","80,182","79,500","44,66K","-1,89%"
"19.04.2023","81,300","81,180","81,650","80,820","40,57K","-1,93%"
"18.04.2023","82,900","83,390","83,390","82,230","43,28K","-0,19%"
"17.04.2023","83,060","83,590","83,865","82,570","50,47K","-1,08%"
"14.04.2023","83,970","83,580","84,100","83,500","19,91K","0,50%"
"13.04.2023","83,550","83,550","84,200","83,420","39,26K","-0,43%"
"12.04.2023","83,910","83,000","84,120","83,000","65,78K","1,34%"
"11.04.2023","82,800","81,310","82,850","81,310","75,07K","1,82%"
"10.04.2023","81,320","81,250","82,250","81,220","105,27K","-0,47%"
"06.04.2023","81,700","81,480","82,000","81,180","120,54K","0,12%"
"05.04.2023","81,600","81,530","82,060","81,100","28,68K","-0,16%"
"04.04.2023","81,730","81,630","82,470","80,780","48,84K","0,33%"
"03.04.2023","81,460","80,040","81,770","80,040","92,45K","4,77%"
"31.03.2023","77,750","76,720","77,770","76,560","57,73K","1,97%"
"30.03.2023","76,250","75,530","76,447","75,060","29,49K","1,67%"
"29.03.2023","75,000","76,000","76,300","74,830","44,10K","-0,60%"
"28.03.2023","75,450","74,310","76,000","74,310","68,80K","0,94%"
"27.03.2023","74,750","72,180","74,870","72,080","108,79K","4,91%"
"24.03.2023","71,250","70,240","71,489","70,065","63,23K","-0,04%"
"23.03.2023","71,280","72,480","73,500","71,280","99,24K","-0,86%"
"22.03.2023","71,900","71,580","72,960","71,120","140,80K","0,43%"
"21.03.2023","71,590","70,520","71,600","70,330","150,40K","-1,40%"
"20.03.2023","72,610","71,070","73,000","70,700","255,15K","1,34%"
"17.03.2023","71,650","73,280","73,280","70,663","143,95K","-2,13%"
"16.03.2023","73,210","72,590","74,330","70,632","172,87K","0,88%"
"15.03.2023","72,570","73,440","73,760","70,490","591,10K","-4,91%"
"14.03.2023","76,320","77,810","79,000","75,670","394,99K","-3,65%"
"13.03.2023","79,210","78,740","80,585","77,754","151,04K","-2,29%"
"10.03.2023","81,070","80,510","81,420","80,030","61,63K","1,11%"
"09.03.2023","80,180","81,580","82,140","80,060","80,19K","-1,02%"
"08.03.2023","81,010","81,110","81,620","80,700","50,24K","-1,21%"
"07.03.2023","82,000","83,270","83,270","81,378","68,26K","-1,32%"
"06.03.2023","83,100","82,820","83,290","82,250","59,73K","0,33%"
"03.03.2023","82,830","81,120","82,840","80,820","79,19K","1,61%"
"02.03.2023","81,520","81,400","81,812","81,020","38,02K","0,34%"
"01.03.2023","81,240","80,370","81,250","80,259","35,17K","0,64%"
"28.02.2023","80,720","81,250","81,386","80,380","60,39K","1,31%"
"27.02.2023","79,680","79,970","80,029","79,135","42,63K","-0,65%"
"24.02.2023","80,200","79,500","80,200","78,378","58,20K","0,65%"
"23.02.2023","79,680","79,660","79,935","79,000","29,18K","1,62%"
"22.02.2023","78,410","79,790","79,790","78,200","114,18K","-1,58%"
"21.02.2023","79,670","80,480","80,700","79,670","94,25K","-4,01%"
"17.02.2023","83,000","83,540","83,540","82,300","147,16K","-1,50%"
"16.02.2023","84,260","84,480","84,670","84,150","81,32K","-0,24%"
"15.02.2023","84,460","84,300","84,674","83,600","91,50K","-0,06%"
"14.02.2023","84,510","84,000","84,660","83,420","70,75K","-0,05%"
"13.02.2023","84,550","84,500","85,002","84,260","46,61K","-0,13%"
"10.02.2023","84,660","84,000","84,850","83,800","75,99K","1,41%"
"09.02.2023","83,480","83,960","83,960","82,717","76,30K","-0,32%"
"08.02.2023","83,750","83,200","83,990","83,000","74,50K","0,82%"
"07.02.2023","83,070","81,000","83,250","81,000","104,06K","2,73%"
"06.02.2023","80,860","80,000","80,964","78,949","68,76K","1,37%"
"03.02.2023","79,770","81,670","83,189","79,600","118,18K","-2,33%"
"02.02.2023","81,670","81,850","82,505","81,086","48,49K","-0,89%"
"01.02.2023","82,400","83,320","83,850","81,800","46,46K","-1,27%"
"31.01.2023","83,460","82,010","83,610","82,010","17,62K","1,09%"
"30.01.2023","82,560","83,160","83,600","82,450","32,32K","-1,01%"
"27.01.2023","83,400","84,540","84,540","83,270","46,07K","-0,74%"
"26.01.2023","84,020","84,460","84,470","83,700","52,48K","0,23%"
"25.01.2023","83,830","83,520","84,107","83,160","23,73K","0,18%"
"24.01.2023","83,680","84,120","84,218","83,301","24,96K","-0,48%"
"23.01.2023","84,080","84,150","84,550","84,000","40,54K","0,21%"
"20.01.2023","83,900","83,610","84,120","83,000","39,46K","0,58%"
"19.01.2023","83,420","83,390","83,600","82,710","38,97K","-0,81%"
"18.01.2023","84,100","84,990","85,300","83,988","84,53K","-0,83%"
"17.01.2023","84,800","84,320","84,990","83,750","49,85K","0,83%"
"13.01.2023","84,100","83,390","84,140","83,390","35,80K","1,31%"
"12.01.2023","83,010","83,010","83,500","82,753","29,66K","0,87%"
"11.01.2023","82,290","81,690","82,500","80,910","59,33K","2,47%"
"10.01.2023","80,310","80,940","80,950","79,430","44,71K","0,25%"
"09.01.2023","80,110","80,880","81,400","79,720","55,92K","1,53%"
"06.01.2023","78,900","79,990","80,200","78,390","56,79K","0,39%"
"05.01.2023","78,590","77,610","79,721","77,580","67,35K","0,56%"
"04.01.2023","78,150","79,550","79,550","77,770","115,09K","-4,09%"
"03.01.2023","81,480","82,080","83,206","81,000","92,77K","-2,13%"
"30.12.2022","83,250","81,920","83,355","81,920","44,67K","1,75%"
"29.12.2022","81,820","81,130","81,876","81,000","46,39K","-0,07%"
"28.12.2022","81,880","82,380","82,380","80,550","58,90K","-0,45%"
"27.12.2022","82,250","82,070","83,000","82,000","63,06K","0,38%"
"23.12.2022","81,940","81,650","82,284","81,650","41,34K","1,50%"
"22.12.2022","80,730","81,200","81,500","80,010","47,13K","-0,25%"
"21.12.2022","80,930","80,190","81,172","80,190","55,07K","1,99%"
"20.12.2022","79,350","79,460","79,575","78,180","29,52K","-1,27%"
"19.12.2022","80,370","80,500","80,630","79,370","49,31K","1,41%"
"16.12.2022","79,250","78,700","79,675","78,315","35,94K","-1,15%"
"15.12.2022","80,170","81,000","81,000","79,950","33,75K","-1,05%"
"14.12.2022","81,020","80,800","81,430","80,305","48,54K","1,52%"
"13.12.2022","79,810","78,610","80,432","78,610","52,88K","2,05%"
"12.12.2022","78,210","76,820","78,676","76,820","42,40K","1,96%"
"09.12.2022","76,710","76,630","77,909","75,800","55,94K","0,10%"
"08.12.2022","76,630","77,940","78,495","76,500","89,49K","-1,48%"
"07.12.2022","77,780","79,380","80,100","77,350","106,13K","-2,29%"
"06.12.2022","79,600","82,100","82,120","78,540","121,46K","-3,74%"
"05.12.2022","82,690","86,560","87,110","82,100","54,87K","-2,42%"
"02.12.2022","84,740","86,030","86,330","84,500","36,35K","-1,00%"
"01.12.2022","85,600","86,180","87,480","85,600","55,33K","0,30%"
"30.11.2022","85,340","84,990","85,500","84,790","45,36K","2,83%"
"29.11.2022","82,990","83,020","83,960","81,621","53,65K","1,95%"
"28.11.2022","81,400","79,500","82,220","79,200","92,51K","-0,10%"
"25.11.2022","81,480","82,990","83,000","81,070","32,78K","-0,45%"
"23.11.2022","81,850","83,190","83,190","81,250","64,48K","-3,40%"
"22.11.2022","84,730","84,480","85,650","84,480","49,84K","1,06%"
"21.11.2022","83,840","81,520","84,170","79,630","118,70K","0,04%"
"18.11.2022","83,810","82,590","83,810","82,050","129,43K","-3,31%"
"17.11.2022","86,680","87,950","87,960","86,100","108,65K","-2,34%"
"16.11.2022","88,760","88,780","89,110","88,080","86,08K","-1,30%"
"15.11.2022","89,930","88,980","91,000","88,064","79,46K","1,12%"
"14.11.2022","88,930","90,570","91,110","88,520","92,82K","-2,37%"
"11.11.2022","91,089","90,900","91,900","90,420","51,60K","2,81%"
"10.11.2022","88,600","88,180","89,560","87,616","58,36K","0,34%"
"09.11.2022","88,300","89,750","89,750","88,030","55,43K","-2,81%"
"08.11.2022","90,850","92,820","92,820","90,485","55,69K","-1,74%"
"07.11.2022","92,460","92,220","93,250","92,180","50,92K","0,30%"
"04.11.2022","92,180","91,850","92,400","91,240","77,33K","3,20%"
"03.11.2022","89,320","89,000","89,970","88,860","73,81K","-0,43%"
"02.11.2022","89,710","89,000","90,400","88,650","53,73K","0,95%"
"01.11.2022","88,870","89,200","89,491","88,700","33,57K","1,90%"
"31.10.2022","87,210","87,380","88,260","86,500","43,86K","-1,18%"
"28.10.2022","88,250","88,000","88,750","87,520","63,71K","-0,70%"
"27.10.2022","88,870","88,620","89,200","88,510","55,02K","0,92%"
"26.10.2022","88,060","87,010","88,490","86,690","84,20K","2,30%"
"25.10.2022","86,080","86,130","86,861","85,790","36,16K","0,51%"
"24.10.2022","85,640","85,000","86,350","85,000","40,37K","-0,07%"
"21.10.2022","85,700","85,940","86,152","84,728","53,92K","0,49%"
"20.10.2022","85,280","85,460","86,825","85,000","53,01K","0,25%"
"19.10.2022","85,070","83,960","85,600","83,681","69,92K","-1,77%"
"18.10.2022","86,600","87,840","87,840","85,510","130,19K","-1,28%"
"17.10.2022","87,720","87,750","89,240","87,494","69,80K","-0,01%"
"14.10.2022","87,730","89,820","89,820","87,430","66,01K","-2,16%"
"13.10.2022","89,670","87,000","90,138","87,000","54,41K","1,92%"
"12.10.2022","87,980","89,000","89,000","87,006","58,50K","-0,79%"
"11.10.2022","88,680","89,840","90,000","88,635","61,00K","-2,19%"
"10.10.2022","90,670","91,280","91,955","90,100","65,98K","-0,69%"
"07.10.2022","91,300","90,340","91,700","89,710","130,22K","2,13%"
"06.10.2022","89,400","88,370","89,600","88,233","55,71K","1,17%"
"05.10.2022","88,370","87,100","88,675","86,605","65,91K","1,94%"
"04.10.2022","86,690","86,050","87,390","85,760","161,06K","2,98%"
"03.10.2022","84,180","83,560","85,360","83,560","449,35K","3,29%"
"30.09.2022","81,500","82,250","83,000","81,000","105,29K","-1,84%"
"29.09.2022","83,030","83,980","84,140","82,505","91,76K","-0,59%"
"28.09.2022","83,520","81,140","83,660","81,130","347,75K","3,93%"
"27.09.2022","80,360","80,010","81,500","79,694","395,99K","1,46%"
"26.09.2022","79,200","81,400","82,504","79,000","251,65K","-2,70%"
"23.09.2022","81,400","82,200","82,400","80,600","422,09K","-4,46%"
"22.09.2022","85,200","86,000","86,840","84,800","185,07K","0,47%"
"21.09.2022","84,800","86,000","86,400","84,400","137,92K","-0,93%"
"20.09.2022","85,600","86,000","86,000","84,600","269,02K","-3,39%"
"19.09.2022","88,600","86,000","88,800","86,000","172,41K","0,23%"
"16.09.2022","88,400","88,600","89,200","88,000","125,54K","0,00%"
"15.09.2022","88,400","89,400","89,400","87,800","124,91K","-2,43%"
"14.09.2022","90,600","90,600","91,200","90,002","89,95K","0,44%"
"13.09.2022","90,200","90,000","90,600","88,400","174,29K","-0,22%"
"12.09.2022","90,400","90,600","90,800","89,900","99,11K","1,35%"
"09.09.2022","89,200","88,200","89,600","87,900","144,09K","3,48%"
"08.09.2022","86,200","86,400","87,200","85,600","159,84K","0,70%"
"07.09.2022","85,600","87,600","87,800","85,400","277,28K","-4,68%"
"06.09.2022","89,800","90,200","90,400","89,200","118,85K","0,45%"
"02.09.2022","89,400","90,800","90,998","89,200","166,02K","0,45%"
"01.09.2022","89,000","90,000","90,400","88,600","141,50K","-2,20%"
"31.08.2022","91,000","91,600","92,598","90,800","108,99K","-1,52%"
"30.08.2022","92,400","94,000","94,000","91,800","108,50K","-2,33%"
"29.08.2022","94,600","93,400","94,800","93,400","82,29K","2,16%"
"26.08.2022","92,600","92,800","93,200","92,000","101,53K","-0,43%"
"25.08.2022","93,000","94,200","94,400","92,600","79,83K","-1,06%"
"24.08.2022","94,000","93,000","94,000","92,900","102,25K","1,08%"
"23.08.2022","93,000","92,200","93,400","92,200","141,66K","1,97%"
"22.08.2022","91,200","90,200","91,400","88,600","165,87K","0,00%"
"19.08.2022","91,200","90,800","91,998","90,800","112,29K","-1,94%"
"18.08.2022","93,000","92,200","93,600","92,200","150,50K","2,20%"
"17.08.2022","91,000","90,800","92,000","90,200","143,55K","0,44%"
"16.08.2022","90,600","92,200","93,000","90,000","166,61K","-1,74%"
"15.08.2022","92,200","90,400","92,580","90,000","167,95K","-1,91%"
"12.08.2022","94,000","94,400","94,400","93,400","87,56K","-0,84%"
"11.08.2022","94,800","94,400","95,600","93,602","101,38K","1,72%"
"10.08.2022","93,200","92,400","93,800","89,800","138,84K","1,53%"
"09.08.2022","91,800","92,600","93,400","91,000","98,61K","-0,43%"
"08.08.2022","92,200","89,800","92,200","89,400","144,44K","2,90%"
"05.08.2022","89,600","88,600","91,556","88,000","139,83K","-0,22%"
"04.08.2022","89,800","91,000","92,000","89,000","299,66K","-2,60%"
"03.08.2022","92,200","95,600","95,664","91,800","242,56K","-3,15%"
"02.08.2022","95,200","94,600","96,400","94,070","117,91K","1,28%"
"01.08.2022","94,000","93,900","94,800","92,602","194,22K","-3,49%"
"29.07.2022","97,400","97,800","99,400","96,800","139,73K","1,25%"
"28.07.2022","96,200","97,000","97,400","95,200","81,37K","-0,62%"
"27.07.2022","96,800","95,400","97,000","94,002","103,90K","3,42%"
"26.07.2022","93,600","95,000","96,000","93,400","78,05K","-1,06%"
"25.07.2022","94,600","94,000","94,800","93,200","75,44K","2,16%"
"22.07.2022","92,600","93,800","94,800","92,400","116,21K","-1,28%"
"21.07.2022","93,800","93,800","94,600","92,800","106,93K","-2,09%"
"20.07.2022","95,800","94,600","96,200","94,600","90,61K","0,00%"
"19.07.2022","95,800","94,200","96,200","94,000","135,36K","-2,64%"
"18.07.2022","98,400","98,800","99,000","98,000","163,82K","3,36%"
"15.07.2022","95,200","95,400","95,800","94,200","142,06K","1,28%"
"14.07.2022","94,000","92,200","94,400","90,200","188,18K","-0,21%"
"13.07.2022","94,200","94,000","95,800","93,200","157,01K","0,21%"
"12.07.2022","94,000","96,000","96,598","93,600","199,38K","-5,62%"
"11.07.2022","99,600","98,000","100,000","97,600","122,80K","-0,20%"
"08.07.2022","99,800","99,400","100,000","97,800","103,66K","2,04%"
"07.07.2022","97,800","96,800","98,800","96,400","132,52K","4,04%"
"06.07.2022","94,000","94,400","94,800","91,400","192,18K","-1,88%"
"05.07.2022","95,800","100,600","100,800","94,000","356,88K","-7,88%"
"01.07.2022","104,000","104,400","104,598","102,600","74,83K","1,56%"
"30.06.2022","102,400","104,400","104,600","101,400","127,13K","-3,03%"
"29.06.2022","105,600","108,000","109,000","105,202","96,44K","-1,68%"
"28.06.2022","107,400","106,600","107,800","105,800","125,21K","1,90%"
"27.06.2022","105,400","103,400","105,600","102,000","80,06K","2,33%"
"24.06.2022","103,000","101,800","104,000","101,000","67,06K","2,59%"
"23.06.2022","100,400","103,000","103,400","100,200","109,40K","-2,14%"
"22.06.2022","102,600","101,200","104,398","100,000","221,04K","-3,57%"
"21.06.2022","106,400","107,000","107,600","105,800","205,40K","-3,80%"
"17.06.2022","110,600","114,400","114,400","108,800","331,18K","-3,66%"
"16.06.2022","114,800","113,600","115,600","112,000","130,10K","0,53%"
"15.06.2022","114,200","114,800","115,200","112,800","145,31K","-1,04%"
"14.06.2022","115,400","117,200","117,998","114,000","160,10K","-1,37%"
"13.06.2022","117,000","116,300","117,300","114,600","171,02K","0,00%"
"10.06.2022","117,000","116,900","117,000","115,800","115,60K","-0,17%"
"09.06.2022","117,200","117,200","117,398","116,800","102,36K","-0,17%"
"08.06.2022","117,400","117,200","117,400","116,650","128,86K","0,34%"
"07.06.2022","117,000","116,800","117,000","116,600","118,41K","0,34%"
"06.06.2022","116,600","116,600","116,800","116,200","51,87K","0,17%"
"03.06.2022","116,400","115,600","116,400","115,464","44,39K","0,69%"
"02.06.2022","115,600","115,200","115,800","114,800","64,52K","0,35%"
"01.06.2022","115,200","115,600","115,800","115,000","72,84K","0,35%"
"31.05.2022","114,800","115,800","116,000","114,500","113,32K","0,35%"
"27.05.2022","114,400","114,400","114,400","113,800","43,40K","0,18%"
"26.05.2022","114,200","113,800","114,600","113,400","76,32K","1,06%"
"25.05.2022","113,000","113,000","113,000","112,400","47,72K","0,71%"
"24.05.2022","112,200","112,600","112,600","111,800","44,70K","0,36%"
"23.05.2022","111,800","111,200","111,800","111,200","63,19K","0,54%"
"20.05.2022","111,200","111,600","111,600","110,200","55,99K","0,36%"
"19.05.2022","110,800","109,000","111,000","108,000","130,62K","-2,64%"
"18.05.2022","113,800","116,400","116,400","113,400","159,56K","-1,39%"
"17.05.2022","115,400","117,000","117,000","115,170","147,35K","-1,20%"
"16.05.2022","116,800","114,600","116,800","114,600","99,18K","1,57%"
"13.05.2022","115,000","115,000","115,000","114,070","77,93K","1,23%"
"12.05.2022","113,600","112,600","113,600","112,200","58,48K","0,89%"
"11.05.2022","112,600","112,400","113,200","112,000","66,68K","2,93%"
"10.05.2022","109,400","111,000","111,200","108,400","98,72K","-1,62%"
"09.05.2022","111,200","113,000","113,400","110,600","137,57K","-2,46%"
"06.05.2022","114,000","114,200","114,400","112,900","63,11K","1,42%"
"05.05.2022","112,400","114,000","114,000","112,200","58,26K","-0,35%"
"04.05.2022","112,800","111,600","113,000","111,576","52,11K","2,36%"
"03.05.2022","110,200","110,600","110,800","109,400","38,79K","-1,08%"
"02.05.2022","111,400","108,400","111,400","107,800","90,26K","1,46%"
"29.04.2022","109,800","111,000","111,800","109,800","37,64K","-0,72%"
"28.04.2022","110,600","109,200","110,800","108,800","35,41K","1,28%"
"27.04.2022","109,200","108,600","109,200","107,600","34,52K","0,37%"
"26.04.2022","108,800","107,200","109,400","107,200","68,00K","0,93%"
"25.04.2022","107,800","106,100","107,800","104,600","116,79K","-0,92%"
"22.04.2022","108,800","109,400","109,984","108,600","45,81K","-1,27%"
"21.04.2022","110,200","110,400","111,000","109,600","37,38K","0,73%"
"20.04.2022","109,400","109,600","110,000","108,000","67,66K","0,00%"
"19.04.2022","109,400","110,400","110,400","108,740","88,75K","-5,36%"
"18.04.2022","115,600","115,200","116,200","115,000","141,59K","1,05%"
"14.04.2022","114,400","112,600","114,900","112,600","85,85K","0,35%"
"13.04.2022","114,000","112,000","114,000","111,600","66,98K","2,70%"
"12.04.2022","111,000","109,800","111,600","109,800","59,59K","2,78%"
"11.04.2022","108,000","108,000","108,400","106,800","108,33K","-1,64%"
"08.04.2022","109,800","108,600","110,000","107,800","72,48K","0,92%"
"07.04.2022","108,800","109,400","109,800","106,200","153,96K","0,37%"
"06.04.2022","108,400","112,400","112,400","107,200","96,81K","-1,81%"
"05.04.2022","110,400","113,800","113,800","110,100","54,11K","-2,30%"
"04.04.2022","113,000","111,600","113,000","111,000","58,69K","3,29%"
"01.04.2022","109,400","108,400","110,000","108,000","38,15K","0,00%"
"31.03.2022","109,400","111,800","112,400","108,000","68,49K","-3,70%"
"30.03.2022","113,600","113,000","114,400","112,800","38,85K","2,16%"
"29.03.2022","111,200","106,400","111,600","106,000","75,27K","1,83%"
"28.03.2022","109,200","112,000","113,000","108,800","93,02K","-5,37%"
"25.03.2022","115,400","114,400","116,200","113,062","29,82K","1,05%"
"24.03.2022","114,200","115,600","116,200","113,800","38,00K","-1,04%"
"23.03.2022","115,400","114,800","116,400","114,398","108,23K","3,04%"
"22.03.2022","112,000","112,400","113,600","111,000","56,04K","-1,06%"
"21.03.2022","113,200","110,200","113,300","110,200","64,60K","2,54%"
"18.03.2022","110,400","109,800","110,600","109,000","65,68K","1,47%"
"17.03.2022","108,800","107,000","109,800","105,800","62,69K","5,84%"
"16.03.2022","102,800","104,400","106,200","102,000","83,68K","-0,77%"
"15.03.2022","103,600","106,200","106,580","102,000","106,80K","-4,07%"
"14.03.2022","108,000","110,000","110,400","106,800","82,18K","-3,05%"
"11.03.2022","111,400","110,000","111,400","109,400","32,61K","1,83%"
"10.03.2022","109,400","109,800","110,998","108,000","49,12K","-0,36%"
"09.03.2022","109,800","111,800","112,398","107,800","102,47K","-3,00%"
"08.03.2022","113,200","113,000","113,400","111,600","83,18K","0,71%"
"07.03.2022","112,400","112,200","112,700","111,800","74,41K","0,72%"
"04.03.2022","111,600","111,200","112,300","110,400","69,87K","0,54%"
"03.03.2022","111,000","110,200","111,598","110,200","45,53K","0,18%"
"02.03.2022","110,800","111,400","111,800","109,400","62,82K","1,47%"
"01.03.2022","109,200","108,800","109,800","108,402","87,98K","2,06%"
"28.02.2022","107,000","107,400","107,600","106,400","89,34K","1,71%"
"25.02.2022","105,200","105,800","105,800","103,800","45,86K","-0,57%"
"24.02.2022","105,800","106,000","108,200","104,200","114,38K","0,57%"
"23.02.2022","105,200","105,600","106,200","104,602","46,40K","0,38%"
"22.02.2022","104,800","105,600","106,000","104,300","70,54K","1,16%"
"18.02.2022","103,600","102,000","103,800","101,202","74,11K","-2,26%"
"17.02.2022","106,000","106,400","106,756","105,200","102,01K","-0,93%"
"16.02.2022","107,000","108,000","108,550","105,600","87,92K","0,56%"
"15.02.2022","106,400","107,400","107,800","105,600","93,87K","-2,03%"
"14.02.2022","108,600","108,200","108,800","107,600","66,14K","0,00%"
"11.02.2022","108,600","108,200","109,000","107,800","58,25K","1,31%"
"10.02.2022","107,200","108,000","108,200","107,200","51,42K","-0,19%"
"09.02.2022","107,400","107,800","107,800","107,200","33,56K","-0,19%"
"08.02.2022","107,600","107,600","107,600","106,600","60,86K","-0,37%"
"07.02.2022","108,000","107,800","108,000","107,400","87,45K","0,75%"
"04.02.2022","107,200","107,600","107,600","107,200","43,84K","0,00%"
"03.02.2022","107,200","106,600","107,200","106,200","21,63K","0,56%"
"02.02.2022","106,600","106,400","106,600","106,000","20,41K","0,19%"
"01.02.2022","106,400","106,400","106,600","105,800","28,03K","0,00%"
"31.01.2022","106,400","106,000","106,400","105,200","19,04K","1,14%"
"28.01.2022","105,200","106,800","106,800","105,200","20,21K","-0,19%"
"27.01.2022","105,400","106,400","106,600","105,000","32,63K","0,38%"
"26.01.2022","105,000","105,600","105,600","104,600","28,67K","0,38%"
"25.01.2022","104,600","104,200","104,800","103,700","17,83K","0,38%"
"24.01.2022","104,200","103,400","104,200","102,400","61,46K","0,00%"
"21.01.2022","104,200","104,000","104,800","103,600","69,57K","-0,38%"
"20.01.2022","104,600","105,800","105,800","104,400","49,89K","-2,97%"
"19.01.2022","107,800","108,200","108,600","107,800","70,45K","0,00%"
"18.01.2022","107,800","107,600","107,800","107,200","75,91K","0,94%"
"14.01.2022","106,800","107,600","107,600","106,600","33,71K","-0,19%"
"13.01.2022","107,000","107,600","107,600","106,600","30,02K","0,00%"
"12.01.2022","107,000","107,000","107,200","106,800","33,81K","0,00%"
"11.01.2022","107,000","107,000","107,000","106,400","37,96K","0,75%"
"10.01.2022","106,200","106,400","106,400","105,600","40,25K","0,00%"
"07.01.2022","106,200","106,200","106,600","105,700","42,67K","0,00%"
"06.01.2022","106,200","106,800","106,800","105,600","29,24K","0,76%"
"05.01.2022","105,400","105,800","106,000","105,200","20,13K","0,19%"
"04.01.2022","105,200","104,800","105,600","104,800","17,85K","0,38%"
"03.01.2022","104,800","103,800","104,800","103,800","24,07K","0,96%"
"31.12.2021","103,800","104,800","104,800","103,400","14,41K","-0,95%"
"30.12.2021","104,800","104,000","104,800","104,000","22,74K","0,77%"
"29.12.2021","104,000","103,600","104,598","103,400","19,75K","0,19%"
"28.12.2021","103,800","103,600","104,000","103,400","25,04K","0,39%"
"27.12.2021","103,400","101,400","103,600","101,200","30,80K","1,37%"
"23.12.2021","102,000","100,800","102,000","100,800","41,46K","1,19%"
"22.12.2021","100,800","99,600","101,000","99,600","19,88K","0,80%"
"21.12.2021","100,000","99,000","100,000","98,400","20,26K","1,21%"
"20.12.2021","98,800","98,000","99,200","95,602","56,65K","-1,40%"
"17.12.2021","100,200","101,200","101,200","99,600","23,66K","-1,18%"
"16.12.2021","101,400","101,800","102,398","100,800","19,26K","0,40%"
"15.12.2021","101,000","99,200","101,200","99,000","22,73K","1,20%"
"14.12.2021","99,800","100,000","100,226","99,200","21,26K","-0,80%"
"13.12.2021","100,600","101,000","101,900","100,200","32,75K","-0,79%"
"10.12.2021","101,400","101,400","101,600","100,600","33,65K","1,00%"
"09.12.2021","100,400","102,000","102,000","100,000","40,64K","-2,14%"
"08.12.2021","102,600","101,400","102,600","101,000","24,60K","1,38%"
"07.12.2021","101,200","100,800","102,586","100,200","44,27K","2,43%"
"06.12.2021","98,800","96,400","99,174","95,402","40,31K","5,11%"
"03.12.2021","94,000","96,800","97,400","93,200","48,22K","-1,05%"
"02.12.2021","95,000","91,000","95,200","90,400","61,90K","2,37%"
"01.12.2021","92,800","96,238","97,000","91,800","67,75K","-1,28%"
"30.11.2021","94,000","95,600","96,200","91,000","125,06K","-4,67%"
"29.11.2021","98,600","102,766","102,800","97,450","74,31K","0,92%"
"26.11.2021","97,700","102,000","103,200","96,400","128,46K","-10,37%"
"24.11.2021","109,000","109,000","109,400","108,400","15,00K","-0,18%"
"23.11.2021","109,200","108,200","109,200","107,600","19,52K","2,82%"
"22.11.2021","106,200","104,600","106,800","104,600","32,99K","0,76%"
"19.11.2021","105,400","107,800","107,800","104,300","83,26K","-4,87%"
"18.11.2021","110,800","110,200","111,200","109,600","49,88K","0,64%"
"17.11.2021","110,100","111,400","111,600","109,000","61,11K","-1,70%"
"16.11.2021","112,000","112,000","112,500","110,700","41,21K","0,36%"
"15.11.2021","111,600","111,000","111,800","110,000","48,52K","-0,18%"
"12.11.2021","111,800","111,800","111,900","110,800","54,26K","0,00%"
"11.11.2021","111,800","112,400","112,400","111,000","34,13K","0,00%"
"10.11.2021","111,800","114,000","114,000","111,054","40,33K","-1,41%"
"09.11.2021","113,400","112,600","113,700","112,400","26,02K","0,89%"
"08.11.2021","112,400","112,000","112,600","111,600","45,59K","0,72%"
"05.11.2021","111,600","109,800","111,798","109,400","37,51K","2,20%"
"04.11.2021","109,200","111,800","112,198","108,500","34,52K","-0,55%"
"03.11.2021","109,800","111,400","111,600","109,200","33,51K","-2,31%"
"02.11.2021","112,400","112,400","112,600","112,000","13,41K","-0,18%"
"01.11.2021","112,600","112,000","113,000","112,000","16,74K","0,90%"
"29.10.2021","111,600","111,600","111,834","110,600","11,79K","-0,18%"
"28.10.2021","111,800","111,200","112,000","110,600","10,80K","0,36%"
"27.10.2021","111,400","112,400","112,800","111,000","17,54K","-1,42%"
"26.10.2021","113,000","112,200","113,200","112,000","19,50K","0,80%"
"25.10.2021","112,100","112,200","112,800","112,000","15,12K","0,09%"
"22.10.2021","112,000","111,600","112,100","111,200","14,55K","0,36%"
"21.10.2021","111,600","112,000","112,000","110,400","26,68K","-0,53%"
"20.10.2021","112,200","111,894","112,400","110,800","18,28K","0,72%"
"19.10.2021","111,400","111,000","112,000","110,600","37,20K","-0,45%"
"18.10.2021","111,900","112,600","112,600","111,800","54,06K","-0,09%"
"15.10.2021","112,000","112,000","112,400","111,600","26,64K","0,72%"
"14.10.2021","111,200","111,000","111,600","110,618","28,68K","0,54%"
"13.10.2021","110,600","110,600","110,800","109,200","17,00K","0,18%"
"12.10.2021","110,400","110,600","110,800","109,800","15,87K","0,18%"
"11.10.2021","110,200","110,000","110,400","109,800","18,96K","0,92%"
"08.10.2021","109,200","109,400","109,582","108,800","22,58K","0,18%"
"07.10.2021","109,000","108,200","109,200","107,600","27,95K","0,55%"
"06.10.2021","108,400","109,000","109,000","108,200","14,99K","-0,91%"
"05.10.2021","109,400","109,800","109,800","109,000","14,44K","0,74%"
"04.10.2021","108,600","108,000","109,000","108,000","29,27K","0,74%"
"01.10.2021","107,800","107,400","108,000","107,000","13,81K","0,37%"
"30.09.2021","107,400","106,800","107,800","106,000","16,39K","0,56%"
"29.09.2021","106,800","107,000","107,600","106,800","11,92K","-0,19%"
"28.09.2021","107,000","107,800","108,000","106,600","21,63K","-0,19%"
"27.09.2021","107,200","107,000","107,600","107,000","26,04K","0,75%"
"24.09.2021","106,400","105,600","106,600","105,400","26,55K","0,57%"
"23.09.2021","105,800","104,800","106,000","104,800","29,84K","0,95%"
"22.09.2021","104,800","104,600","105,200","104,200","34,11K","1,16%"
"21.09.2021","103,600","104,000","104,142","102,200","37,96K","-1,33%"
"20.09.2021","105,000","104,800","105,968","104,400","76,72K","-1,41%"
"17.09.2021","106,500","106,600","106,600","105,800","24,90K","-0,28%"
"16.09.2021","106,800","106,200","107,000","105,800","24,84K","-0,19%"
"15.09.2021","107,000","106,200","107,000","105,800","39,67K","2,00%"
"14.09.2021","104,900","105,400","105,400","104,400","39,90K","-0,10%"
"13.09.2021","105,000","104,400","105,000","104,400","24,64K","0,96%"
"10.09.2021","104,000","104,000","104,200","103,524","24,84K","1,76%"
"09.09.2021","102,200","102,600","104,000","101,570","21,09K","-1,16%"
"08.09.2021","103,400","103,200","103,800","102,700","15,16K","0,98%"
"07.09.2021","102,400","102,400","102,800","101,800","13,52K","-0,58%"
"03.09.2021","103,000","103,200","103,800","102,800","10,56K","-0,39%"
"02.09.2021","103,400","102,800","104,400","102,800","26,47K","1,37%"
"01.09.2021","102,000","101,400","102,000","100,800","11,12K","0,20%"
"31.08.2021","101,800","102,000","102,398","101,600","14,18K","-0,39%"
"30.08.2021","102,200","102,000","102,600","101,400","21,01K","0,39%"
"27.08.2021","101,800","101,600","102,000","101,436","17,36K","0,99%"
"26.08.2021","100,800","100,400","101,200","99,600","12,51K","-0,30%"
"25.08.2021","101,100","100,400","101,400","100,000","17,95K","0,50%"
"24.08.2021","100,600","98,600","100,600","98,600","20,00K","2,86%"
"23.08.2021","97,800","95,800","98,342","95,800","27,10K","5,16%"
"20.08.2021","93,000","94,800","95,400","93,000","41,23K","-2,92%"
"19.08.2021","95,800","95,600","96,000","93,800","55,11K","-2,44%"
"18.08.2021","98,200","100,600","100,800","98,200","44,03K","-2,19%"
"17.08.2021","100,400","100,800","101,400","99,800","26,17K","-0,79%"
"16.08.2021","101,200","100,600","101,580","99,000","42,08K","-0,59%"
"13.08.2021","101,800","103,000","103,000","101,200","23,86K","-0,59%"
"12.08.2021","102,400","102,600","103,000","101,854","12,47K","-0,58%"
"11.08.2021","103,000","100,800","103,000","100,200","16,01K","1,38%"
"10.08.2021","101,600","100,600","102,400","100,400","19,99K","1,60%"
"09.08.2021","100,000","98,800","100,000","98,000","55,89K","-1,57%"
"06.08.2021","101,600","103,600","103,600","101,200","33,33K","-1,17%"
"05.08.2021","102,800","101,400","102,800","101,000","25,74K","1,88%"
"04.08.2021","100,900","101,400","102,600","100,602","40,58K","-2,79%"
"03.08.2021","103,800","103,000","104,200","102,200","31,38K","-0,76%"
"02.08.2021","104,600","108,200","108,200","103,600","26,69K","-2,43%"
"30.07.2021","107,200","108,000","108,000","106,820","9,25K","0,09%"
"29.07.2021","107,100","105,600","107,400","105,600","20,42K","1,61%"
"28.07.2021","105,400","105,500","106,000","105,120","13,33K","0,57%"
"27.07.2021","104,800","105,534","105,600","104,400","18,61K","-0,29%"
"26.07.2021","105,100","104,800","105,600","104,000","14,50K","0,10%"
"23.07.2021","105,000","104,200","105,000","103,844","10,74K","0,57%"
"22.07.2021","104,400","103,000","104,800","102,800","12,15K","1,56%"
"21.07.2021","102,800","99,800","103,000","99,800","27,21K","3,63%"
"20.07.2021","99,200","97,800","99,200","96,200","30,10K","0,40%"
"19.07.2021","98,800","102,800","102,800","97,802","80,46K","-6,44%"
"16.07.2021","105,600","105,496","106,400","104,000","17,55K","0,38%"
"15.07.2021","105,200","105,600","106,400","105,000","21,55K","-1,13%"
"14.07.2021","106,400","108,600","108,800","105,400","25,09K","-1,66%"
"13.07.2021","108,200","107,200","108,602","107,000","20,40K","0,93%"
"12.07.2021","107,200","107,000","107,200","106,000","33,69K","-0,19%"
"09.07.2021","107,400","106,600","107,400","106,200","15,31K","1,70%"
"08.07.2021","105,600","103,200","105,600","103,200","25,49K","1,15%"
"07.07.2021","104,400","106,400","106,400","103,200","49,40K","-1,33%"
"06.07.2021","105,802","107,600","107,600","105,200","41,59K","-1,49%"
"02.07.2021","107,400","107,200","107,600","106,800","26,30K","0,19%"
"01.07.2021","107,200","107,600","107,606","106,800","20,97K","0,94%"
"30.06.2021","106,200","106,400","106,600","105,800","13,83K","0,00%"
"29.06.2021","106,200","105,600","106,200","105,444","17,12K","0,57%"
"28.06.2021","105,600","106,374","106,374","105,100","28,43K","-0,75%"
"25.06.2021","106,400","106,592","106,592","105,400","15,68K","0,76%"
"24.06.2021","105,600","105,000","105,600","104,800","14,11K","0,28%"
"23.06.2021","105,300","105,200","105,800","105,000","19,40K","0,48%"
"22.06.2021","104,800","104,200","104,800","104,000","26,03K","0,19%"
"21.06.2021","104,600","102,600","104,700","101,800","35,63K","0,58%"
"18.06.2021","104,000","103,722","104,600","103,400","23,18K","0,19%"
"17.06.2021","103,800","105,400","105,400","102,400","36,69K","-1,14%"
"16.06.2021","105,000","105,000","106,000","104,800","36,89K","-0,19%"
"15.06.2021","105,200","104,800","105,380","104,400","39,87K","1,15%"
"14.06.2021","104,000","104,200","104,600","103,800","36,64K","0,19%"
"11.06.2021","103,800","102,966","104,000","102,966","27,11K","0,78%"
"10.06.2021","103,000","103,600","103,800","102,000","60,12K","0,00%"
"09.06.2021","102,998","103,200","103,400","102,600","41,43K","0,00%"
"08.06.2021","103,000","102,600","103,200","101,600","54,83K","0,39%"
"07.06.2021","102,600","103,000","103,000","102,200","67,53K","0,20%"
"04.06.2021","102,400","102,000","102,400","101,800","19,23K","0,59%"
"03.06.2021","101,800","101,800","101,800","100,800","20,93K","0,39%"
"02.06.2021","101,400","101,000","101,600","100,600","20,53K","0,80%"
"01.06.2021","100,600","100,000","101,400","100,000","40,68K","1,82%"
"28.05.2021","98,800","99,200","99,800","98,514","23,28K","-0,40%"
"27.05.2021","99,200","98,400","99,200","98,200","13,09K","0,92%"
"26.05.2021","98,300","97,600","98,600","97,200","24,89K","0,61%"
"25.05.2021","97,700","98,000","98,400","97,600","15,76K","-0,31%"
"24.05.2021","98,000","96,600","98,000","96,200","21,86K","2,94%"
"21.05.2021","95,200","94,800","95,600","94,400","49,19K","2,37%"
"20.05.2021","93,000","94,600","94,600","92,600","45,08K","-1,90%"
"19.05.2021","94,800","96,000","96,200","93,000","84,49K","-4,82%"
"18.05.2021","99,600","100,600","100,600","97,800","55,37K","-0,80%"
"17.05.2021","100,400","100,000","100,400","99,578","39,06K","0,80%"
"14.05.2021","99,600","98,800","99,600","98,600","24,62K","1,43%"
"13.05.2021","98,200","99,000","99,000","97,402","34,50K","-1,21%"
"12.05.2021","99,400","99,600","99,800","99,400","19,51K","0,10%"
"11.05.2021","99,300","99,000","99,400","98,526","29,10K","0,40%"
"10.05.2021","98,900","98,800","99,000","98,600","20,41K","0,00%"
"07.05.2021","98,900","98,600","99,200","98,490","23,69K","0,30%"
"06.05.2021","98,600","99,000","99,000","98,400","28,91K","0,00%"
"05.05.2021","98,600","98,800","99,200","98,400","40,97K","0,10%"
"04.05.2021","98,500","98,400","98,700","98,202","11,95K","0,61%"
"03.05.2021","97,900","97,600","98,022","97,434","16,79K","0,72%"
"30.04.2021","97,200","97,534","97,800","97,000","13,15K","-0,92%"
"29.04.2021","98,100","98,000","98,200","97,600","11,16K","0,51%"
"28.04.2021","97,600","96,752","97,800","96,666","15,74K","0,83%"
"27.04.2021","96,800","96,600","96,800","96,038","13,63K","1,47%"
"26.04.2021","95,400","95,400","95,800","94,800","10,96K","-0,21%"
"23.04.2021","95,600","95,000","95,940","94,600","6,98K","0,63%"
"22.04.2021","95,000","95,200","95,400","94,402","12,25K","0,21%"
"21.04.2021","94,800","95,400","95,800","94,600","21,26K","-1,15%"
"20.04.2021","95,900","97,400","97,400","95,200","18,71K","-2,70%"
"19.04.2021","98,560","98,600","98,800","98,000","26,24K","0,37%"
"16.04.2021","98,200","98,000","98,400","97,800","15,26K","0,10%"
"15.04.2021","98,100","97,800","98,400","97,602","16,03K","0,31%"
"14.04.2021","97,800","96,000","98,400","96,000","19,79K","2,09%"
"13.04.2021","95,800","95,800","96,000","95,210","13,01K","0,84%"
"12.04.2021","95,000","95,000","96,200","94,800","14,05K","0,38%"
"09.04.2021","94,642","95,200","95,200","94,398","8,52K","-0,17%"
"08.04.2021","94,800","95,000","95,000","93,200","17,96K","0,00%"
"07.04.2021","94,800","94,200","95,000","93,000","16,87K","0,00%"
"06.04.2021","94,800","94,600","96,400","94,020","19,33K","1,44%"
"05.04.2021","93,450","96,000","96,412","91,800","25,60K","-3,66%"
"01.04.2021","97,000","95,200","97,398","93,756","21,50K","3,19%"
"31.03.2021","94,000","95,400","96,398","93,402","15,42K","-1,47%"
"30.03.2021","95,400","95,000","96,000","95,000","12,96K","-1,04%"
"29.03.2021","96,400","96,400","96,798","95,000","13,53K","0,21%"
"26.03.2021","96,200","95,200","96,400","95,200","20,43K","4,11%"
"25.03.2021","92,400","94,800","94,800","91,200","50,34K","-3,55%"
"24.03.2021","95,800","94,000","96,400","93,800","16,63K","4,93%"
"23.03.2021","91,300","94,000","95,200","91,000","50,42K","-5,49%"
"22.03.2021","96,600","96,600","97,800","95,610","17,13K","0,00%"
"19.03.2021","96,600","94,580","96,800","93,400","34,90K","2,11%"
"18.03.2021","94,600","100,800","101,400","93,200","87,71K","-6,71%"
"17.03.2021","101,400","101,182","102,000","100,600","23,38K","-0,20%"
"16.03.2021","101,600","101,728","102,000","100,400","21,91K","-0,59%"
"15.03.2021","102,200","102,200","102,200","101,162","21,21K","-0,20%"
"12.03.2021","102,400","102,600","103,000","102,200","22,80K","-0,19%"
"11.03.2021","102,600","102,000","102,600","101,600","23,31K","0,79%"
"10.03.2021","101,800","101,000","101,800","100,800","16,04K","0,79%"
"09.03.2021","101,000","101,000","101,600","100,600","23,18K","0,20%"
"08.03.2021","100,800","101,800","102,198","100,800","35,75K","-0,59%"
"05.03.2021","101,400","101,400","101,600","100,400","34,24K","1,20%"
"04.03.2021","100,200","98,800","100,600","98,600","61,45K","2,04%"
"03.03.2021","98,200","97,600","98,800","97,400","57,08K","1,66%"
"02.03.2021","96,600","97,400","98,398","96,600","32,52K","-0,21%"
"01.03.2021","96,800","98,600","98,800","96,600","42,39K","-1,22%"
"26.02.2021","98,000","99,200","99,398","97,600","37,84K","-1,41%"
"25.02.2021","99,400","99,600","100,000","99,000","26,67K","-0,40%"
"24.02.2021","99,800","98,200","99,900","98,200","38,37K","1,42%"
"23.02.2021","98,400","98,200","98,800","97,000","24,62K","0,41%"
"22.02.2021","98,000","96,400","98,400","96,200","33,80K","2,73%"
"19.02.2021","95,400","97,600","97,600","95,200","47,65K","-4,98%"
"18.02.2021","100,400","101,800","101,800","100,000","57,65K","-0,79%"
"17.02.2021","101,200","100,600","101,800","100,400","35,68K","0,60%"
"16.02.2021","100,600","100,400","101,200","100,200","43,86K","0,50%"
"12.02.2021","100,100","99,200","101,600","99,000","29,62K","1,11%"
"11.02.2021","99,000","99,400","99,600","98,800","27,86K","-0,10%"
"10.02.2021","99,100","99,600","100,000","99,000","22,96K","-0,10%"
"09.02.2021","99,200","99,400","99,600","98,402","25,42K","-0,20%"
"08.02.2021","99,400","99,470","99,800","98,800","40,16K","0,40%"
"05.02.2021","99,000","100,200","101,000","98,800","40,76K","0,10%"
"04.02.2021","98,900","99,600","99,600","98,600","22,78K","0,51%"
"03.02.2021","98,400","99,000","99,316","98,400","12,68K","0,00%"
"02.02.2021","98,400","99,200","99,324","98,200","12,16K","1,23%"
"01.02.2021","97,200","96,400","97,598","96,400","9,95K","0,83%"
"29.01.2021","96,400","96,800","96,998","96,000","8,74K","0,00%"
"28.01.2021","96,400","96,400","97,600","96,000","11,32K","0,00%"
"27.01.2021","96,400","96,600","97,200","96,000","18,45K","0,21%"
"26.01.2021","96,200","96,800","97,200","96,000","16,92K","-0,62%"
"25.01.2021","96,800","96,200","96,800","96,000","9,05K","0,41%"
"22.01.2021","96,400","96,600","97,000","96,000","13,61K","-0,62%"
"21.01.2021","97,000","96,600","97,400","96,450","8,01K","0,62%"
"20.01.2021","96,400","96,800","97,400","96,400","9,34K","-0,21%"
"19.01.2021","96,600","97,200","97,600","96,400","12,63K","-0,62%"
"15.01.2021","97,200","97,800","98,200","97,004","11,92K","-1,02%"
"14.01.2021","98,200","97,400","98,800","97,148","6,59K","0,61%"
"13.01.2021","97,600","97,800","98,200","97,200","5,81K","-0,10%"
"12.01.2021","97,700","97,200","97,800","96,558","12,05K","0,51%"
"11.01.2021","97,200","96,000","97,200","95,800","8,98K","0,31%"
"08.01.2021","96,900","96,400","97,100","96,200","24,70K","0,52%"
"07.01.2021","96,400","96,200","96,400","95,800","19,06K","1,05%"
"06.01.2021","95,400","95,400","96,300","95,000","12,23K","0,21%"
"05.01.2021","95,200","93,800","95,780","93,800","16,17K","3,22%"
"04.01.2021","92,232","94,000","94,200","92,200","17,69K","-1,25%"
"31.12.2020","93,400","93,400","93,800","93,000","10,37K","0,21%"
"30.12.2020","93,200","93,200","94,000","93,000","15,29K","-0,21%"
"29.12.2020","93,400","93,800","93,980","92,800","26,82K","1,08%"
"28.12.2020","92,400","93,800","94,400","92,400","22,16K","-0,43%"
"24.12.2020","92,800","92,600","92,800","92,400","3,24K","0,00%"
"23.12.2020","92,800","91,800","93,000","91,800","11,86K","1,53%"
"22.12.2020","91,400","91,800","92,000","91,200","13,31K","-0,65%"
"21.12.2020","92,000","92,200","94,430","91,200","28,56K","-4,96%"
"18.12.2020","96,800","95,870","97,000","95,870","44,71K","1,26%"
"17.12.2020","95,600","95,200","95,982","95,060","17,36K","1,06%"
"16.12.2020","94,600","94,600","95,000","93,956","14,36K","0,21%"
"15.12.2020","94,400","93,600","94,600","93,572","11,49K","1,07%"
"14.12.2020","93,400","93,600","93,600","92,200","12,16K","0,43%"
"11.12.2020","93,000","93,200","94,000","92,800","8,62K","-0,21%"
"10.12.2020","93,200","93,000","93,800","93,000","8,02K","0,76%"
"09.12.2020","92,500","92,600","92,800","91,800","9,24K","0,11%"
"08.12.2020","92,400","92,600","92,800","92,200","10,97K","0,00%"
"07.12.2020","92,400","92,600","93,000","92,400","15,26K","0,00%"
"04.12.2020","92,400","92,600","92,810","92,200","30,51K","0,43%"
"03.12.2020","92,000","91,400","92,000","90,950","9,83K","0,88%"
"02.12.2020","91,200","90,400","91,400","90,200","4,27K","0,44%"
"01.12.2020","90,800","91,000","91,400","90,200","4,34K","0,00%"
"30.11.2020","90,800","91,400","91,400","90,800","18,47K","-0,66%"
"27.11.2020","91,400","91,400","91,600","90,620","9,76K","-0,22%"
"25.11.2020","91,600","91,600","91,600","91,000","3,76K","0,88%"
"24.11.2020","90,800","90,400","91,200","90,032","11,88K","1,57%"
"23.11.2020","89,400","88,600","89,800","88,600","14,44K","0,90%"
"20.11.2020","88,600","88,000","88,798","87,200","7,58K","1,14%"
"19.11.2020","87,600","88,600","88,800","87,442","8,93K","-2,88%"
"18.11.2020","90,200","90,600","91,400","90,000","15,14K","-0,22%"
"17.11.2020","90,400","90,000","90,800","89,600","8,69K","0,00%"
"16.11.2020","90,400","90,400","91,000","89,600","20,08K","2,26%"
"13.11.2020","88,400","89,400","89,400","88,200","5,95K","-1,56%"
"12.11.2020","89,800","90,000","91,000","89,200","5,20K","-0,44%"
"11.11.2020","90,200","91,600","92,000","89,800","5,18K","0,22%"
"10.11.2020","90,000","88,400","90,000","88,200","7,78K","2,74%"
"09.11.2020","87,600","88,000","89,000","87,202","7,90K","5,80%"
"06.11.2020","82,800","84,400","84,900","82,402","6,36K","-2,36%"
"05.11.2020","84,800","86,400","86,800","84,800","5,98K","-0,47%"
"04.11.2020","85,200","84,600","86,000","83,600","5,35K","1,91%"
"03.11.2020","83,600","83,800","83,800","82,400","3,20K","2,96%"
"02.11.2020","81,200","78,000","81,400","78,000","5,13K","3,57%"
"30.10.2020","78,400","79,800","80,094","78,000","4,70K","-2,24%"
"29.10.2020","80,200","79,000","80,600","78,000","7,49K","-1,96%"
"28.10.2020","81,800","83,200","83,200","81,602","5,35K","-4,44%"
"27.10.2020","85,600","85,400","86,600","84,400","3,25K","0,94%"
"26.10.2020","84,800","85,400","85,400","84,000","2,54K","-1,85%"
"23.10.2020","86,400","88,200","88,382","86,000","3,06K","-1,59%"
"22.10.2020","87,800","86,000","88,400","86,000","2,66K","2,33%"
"21.10.2020","85,800","87,200","87,800","85,800","4,59K","-2,28%"
"20.10.2020","87,800","86,800","88,342","86,712","4,35K","0,00%"
"19.10.2020","87,800","87,800","88,400","87,600","6,21K","0,00%"
"16.10.2020","87,800","87,000","88,400","86,800","2,83K","-0,45%"
"15.10.2020","88,200","85,600","88,200","85,600","1,88K","0,23%"
"14.10.2020","88,000","88,000","88,400","87,732","5,80K","1,15%"
"13.10.2020","87,000","86,200","87,598","86,000","6,29K","1,16%"
"12.10.2020","86,000","87,000","87,000","85,220","10,45K","-1,60%"
"09.10.2020","87,400","88,800","88,800","87,000","14,42K","-0,91%"
"08.10.2020","88,200","88,200","88,710","87,200","11,52K","2,32%"
"07.10.2020","86,200","86,400","86,600","85,000","17,14K","-0,23%"
"06.10.2020","86,400","86,400","88,200","86,270","35,60K","0,23%"
"05.10.2020","86,200","84,800","86,800","84,000","22,61K","5,38%"
"02.10.2020","81,800","83,000","83,200","80,400","30,68K","-3,31%"
"01.10.2020","84,600","85,600","85,600","82,802","12,89K","-1,63%"
"30.09.2020","86,000","85,000","86,778","85,000","6,34K","0,94%"
"29.09.2020","85,200","87,200","87,398","84,200","6,47K","-2,79%"
"28.09.2020","87,648","86,800","87,912","86,200","9,49K","1,44%"
"25.09.2020","86,400","87,000","87,000","85,800","8,76K","-0,23%"
"24.09.2020","86,600","86,400","86,800","84,600","28,66K","0,93%"
"23.09.2020","85,800","87,200","87,874","85,600","8,28K","-1,15%"
"22.09.2020","86,800","86,200","87,000","84,600","2,62K","1,17%"
"21.09.2020","85,800","89,600","89,600","84,600","7,49K","-5,30%"
"18.09.2020","90,600","90,200","91,800","89,602","8,71K","-0,66%"
"17.09.2020","91,200","89,400","91,200","88,154","6,51K","2,24%"
"16.09.2020","89,200","86,000","89,800","86,000","8,68K","4,21%"
"15.09.2020","85,600","84,800","86,200","83,600","6,67K","1,42%"
"14.09.2020","84,400","83,000","84,982","83,000","8,60K","0,48%"
"11.09.2020","84,000","83,800","84,800","83,000","7,26K","-0,01%"
"10.09.2020","84,012","85,600","86,000","83,200","7,00K","-1,86%"
"09.09.2020","85,600","81,200","86,600","81,200","13,10K","2,88%"
"08.09.2020","83,200","86,000","87,200","82,000","33,75K","-7,35%"
"04.09.2020","89,800","91,234","92,200","87,400","22,98K","-2,60%"
"03.09.2020","92,200","94,000","94,000","90,366","10,87K","0,00%"
"02.09.2020","92,200","95,000","95,100","92,200","13,49K","-2,74%"
"01.09.2020","94,800","95,000","95,200","94,200","6,10K","0,64%"
"31.08.2020","94,200","95,800","96,000","94,000","11,78K","-0,84%"
"28.08.2020","95,000","94,800","95,000","94,400","4,72K","0,21%"
"27.08.2020","94,800","95,800","95,800","94,000","8,01K","-0,84%"
"26.08.2020","95,600","96,000","96,200","95,146","10,83K","0,21%"
"25.08.2020","95,400","95,000","95,800","94,400","5,46K","1,06%"
"24.08.2020","94,400","93,800","94,598","93,400","8,26K","1,51%"
"21.08.2020","93,000","93,600","93,900","92,000","5,98K","-1,06%"
"20.08.2020","94,000","94,000","94,272","92,400","15,87K","-0,21%"
"19.08.2020","94,200","95,000","95,800","93,800","8,13K","-2,69%"
"18.08.2020","96,800","97,200","97,200","96,000","21,09K","-0,21%"
"17.08.2020","97,000","95,800","97,000","95,600","29,85K","1,25%"
"14.08.2020","95,800","95,400","95,800","95,000","8,29K","0,42%"
"13.08.2020","95,400","96,200","96,200","95,400","10,06K","-0,21%"
"12.08.2020","95,600","94,800","96,000","94,578","10,01K","1,49%"
"11.08.2020","94,200","96,000","96,000","93,000","14,62K","-0,84%"
"10.08.2020","95,000","94,800","96,000","94,000","19,05K","1,71%"
"07.08.2020","93,400","94,200","95,000","93,000","16,04K","-1,06%"
"06.08.2020","94,400","95,200","96,000","94,400","12,29K","-1,05%"
"05.08.2020","95,400","95,000","96,000","94,030","28,23K","1,92%"
"04.08.2020","93,600","92,200","94,400","91,200","6,74K","1,30%"
"03.08.2020","92,400","92,200","92,800","91,002","8,36K","0,43%"
"31.07.2020","92,000","91,200","92,000","90,000","9,79K","1,32%"
"30.07.2020","90,800","91,200","91,926","89,200","13,57K","-0,44%"
"29.07.2020","91,200","92,000","92,000","90,800","9,02K","0,44%"
"28.07.2020","90,800","92,000","92,400","90,000","9,89K","-1,30%"
"27.07.2020","92,000","91,600","92,200","91,000","5,30K","0,66%"
"24.07.2020","91,400","91,000","91,600","90,600","4,58K","0,44%"
"23.07.2020","91,000","92,000","92,800","90,800","14,39K","-1,52%"
"22.07.2020","92,400","92,400","93,000","91,000","15,35K","0,43%"
"21.07.2020","92,000","93,400","93,800","92,000","6,36K","-1,29%"
"20.07.2020","93,200","93,000","94,000","92,000","14,27K","0,43%"
"17.07.2020","92,800","92,400","93,600","92,400","9,62K","0,00%"
"16.07.2020","92,800","92,800","94,000","92,400","8,55K","-0,32%"
"15.07.2020","93,100","92,000","94,000","92,000","8,32K","1,31%"
"14.07.2020","91,900","91,400","92,400","90,802","5,35K","0,77%"
"13.07.2020","91,200","92,000","92,000","90,600","9,85K","0,09%"
"10.07.2020","91,120","89,800","91,600","89,600","7,59K","1,70%"
"09.07.2020","89,600","92,000","92,200","89,600","8,86K","-1,32%"
"08.07.2020","90,800","91,000","91,800","90,000","14,93K","0,22%"
"07.07.2020","90,600","91,800","92,600","90,400","15,16K","-1,09%"
"06.07.2020","91,600","91,200","92,800","91,200","20,51K","0,44%"
"02.07.2020","91,200","91,200","91,800","90,000","12,46K","0,88%"
"01.07.2020","90,400","90,000","90,800","89,200","9,02K","1,57%"
"30.06.2020","89,000","89,000","90,400","88,200","10,55K","-0,45%"
"29.06.2020","89,400","87,400","90,000","87,200","9,65K","2,76%"
"26.06.2020","87,000","87,600","88,800","86,000","14,79K","-0,46%"
"25.06.2020","87,400","84,400","88,800","84,240","8,80K","2,82%"
"24.06.2020","85,000","88,000","89,200","85,000","17,71K","-4,71%"
"23.06.2020","89,200","89,400","90,600","89,000","12,41K","-0,67%"
"22.06.2020","89,800","90,000","90,398","87,400","12,80K","0,45%"
"19.06.2020","89,400","88,800","92,000","87,000","27,44K","-7,93%"
"18.06.2020","97,100","96,200","97,600","96,000","41,58K","2,21%"
"17.06.2020","95,000","96,400","97,000","95,000","20,36K","-1,25%"
"16.06.2020","96,200","96,200","98,600","95,200","25,25K","0,42%"
"15.06.2020","95,798","93,000","96,400","92,000","15,61K","2,13%"
"12.06.2020","93,800","93,800","94,200","92,600","12,48K","1,52%"
"11.06.2020","92,400","94,400","95,000","92,000","13,57K","-2,74%"
"10.06.2020","95,000","96,000","98,000","95,000","17,25K","0,00%"
"09.06.2020","95,000","94,000","95,400","93,000","12,86K","0,85%"
"08.06.2020","94,200","96,000","97,598","94,200","25,72K","-1,05%"
"05.06.2020","95,200","96,000","96,600","95,000","24,95K","0,63%"
"04.06.2020","94,600","95,000","95,800","94,000","12,58K","0,21%"
"03.06.2020","94,400","94,400","95,800","94,200","6,54K","0,00%"
"02.06.2020","94,400","96,000","96,200","94,200","5,68K","0,43%"
"01.06.2020","94,000","95,000","97,200","93,600","10,42K","0,25%"
"29.05.2020","93,770","93,400","94,000","92,038","3,69K","1,70%"
"28.05.2020","92,200","96,600","96,600","91,222","10,57K","-1,28%"
"27.05.2020","93,400","92,800","93,400","91,804","4,58K","0,86%"
"26.05.2020","92,600","94,000","94,500","91,800","8,40K","0,22%"
"22.05.2020","92,400","93,000","94,800","92,000","2,88K","-0,22%"
"21.05.2020","92,600","95,000","96,200","92,000","6,71K","-0,22%"
"20.05.2020","92,800","93,200","97,600","92,400","5,21K","0,43%"
"19.05.2020","92,400","97,000","101,400","91,000","13,91K","-11,15%"
"18.05.2020","104,000","105,000","107,000","100,200","16,51K","4,00%"
"15.05.2020","100,000","101,400","101,600","99,000","9,18K","0,00%"
"14.05.2020","100,000","97,000","101,000","96,800","7,57K","2,46%"
"13.05.2020","97,600","107,000","107,400","91,400","15,00K","-8,79%"
"12.05.2020","107,000","110,600","111,800","107,000","9,33K","-3,08%"
"11.05.2020","110,400","119,000","119,800","110,400","7,70K","-3,16%"
"08.05.2020","114,000","121,600","121,600","114,000","10,08K","-0,87%"
"07.05.2020","115,000","121,700","123,400","115,000","4,96K","0,88%"
"06.05.2020","114,000","123,000","123,000","112,000","8,13K","-6,10%"
"05.05.2020","121,400","125,200","125,600","121,400","8,10K","5,67%"
"04.05.2020","114,882","126,000","128,350","111,002","5,68K","-8,83%"
"01.05.2020","126,002","129,600","129,600","126,000","2,82K","-0,79%"
"30.04.2020","127,000","136,800","136,800","126,190","10,07K","4,27%"
"29.04.2020","121,800","119,000","124,800","115,602","9,97K","10,63%"
"28.04.2020","110,100","110,000","113,000","106,002","7,26K","3,87%"
"27.04.2020","106,000","120,000","120,000","100,000","10,00K","-19,82%"
"24.04.2020","132,200","170,800","178,600","131,000","9,00K","-20,07%"
"23.04.2020","165,400","177,000","177,000","165,300","3,63K","0,24%"
"22.04.2020","165,000","200,000","200,000","165,000","5,19K","-15,61%"
"21.04.2020","195,520","218,200","218,200","180,400","7,40K","-17,85%"
"20.04.2020","237,998","220,200","240,000","208,024","7,89K","-1,33%"
"17.04.2020","241,200","231,000","248,400","216,400","4,02K","8,45%"
"16.04.2020","222,400","215,000","235,840","210,000","3,03K","4,44%"
"15.04.2020","212,944","206,800","214,600","201,170","1,15K","2,70%"
"14.04.2020","207,338","206,400","217,380","204,000","1,18K","2,34%"
"13.04.2020","202,602","215,800","216,200","200,202","1,29K","-1,53%"
"09.04.2020","205,742","206,000","218,000","200,000","1,85K","-3,32%"
"08.04.2020","212,800","200,200","212,800","194,202","1,05K","5,97%"
"07.04.2020","200,808","208,000","210,800","195,000","1,34K","-2,14%"
"06.04.2020","205,200","214,000","214,000","200,200","0,87K","-5,00%"
"03.04.2020","216,000","214,400","220,000","200,000","0,99K","11,00%"
"02.04.2020","194,600","180,000","206,800","169,958","2,32K","17,94%"
"01.04.2020","165,002","163,800","171,800","163,800","0,12K","1,73%"
"31.03.2020","162,200","160,200","168,798","160,200","0,93K","-1,93%"
"30.03.2020","165,400","177,400","177,400","160,202","1,12K","-6,97%"
"27.03.2020","177,800","179,800","188,500","170,042","0,85K","-0,67%"
"26.03.2020","179,000","188,424","188,600","179,000","0,57K","-3,27%"
"25.03.2020","185,042","184,000","188,692","179,400","0,33K","3,84%"
"24.03.2020","178,200","169,200","201,400","169,200","1,05K","1,31%"
"23.03.2020","175,902","193,000","193,000","170,000","0,74K","-3,35%"
"20.03.2020","182,000","189,900","189,900","165,000","0,36K","-4,45%"
"19.03.2020","190,470","160,000","191,000","157,402","1,44K","9,72%"
"18.03.2020","173,600","200,000","201,700","163,800","0,65K","-16,62%"
"17.03.2020","208,200","202,600","229,000","201,800","0,18K","-2,80%"
"16.03.2020","214,200","226,800","234,550","212,400","0,39K","-9,51%"
"13.03.2020","236,700","254,600","254,600","220,200","0,34K","7,20%"
"12.03.2020","220,800","201,800","222,600","201,800","0,69K","-1,87%"
"11.03.2020","225,000","243,600","260,000","223,100","0,64K","-8,54%"
"10.03.2020","246,000","260,000","260,000","234,200","1,05K","9,92%"
"09.03.2020","223,800","258,200","261,398","216,000","3,75K","-23,80%"
"06.03.2020","293,686","308,000","319,480","293,686","1,30K","-9,75%"
"05.03.2020","325,418","328,000","333,000","323,800","0,10K","-3,44%"
"04.03.2020","337,000","334,876","337,200","327,024","0,14K","-0,82%"
"03.03.2020","339,788","334,050","341,718","323,196","0,23K","2,35%"
"02.03.2020","332,000","344,170","344,170","326,200","0,68K","3,75%"
"28.02.2020","320,000","310,400","325,836","310,400","0,86K","-2,14%"
"27.02.2020","327,000","331,400","352,600","316,048","0,78K","-4,55%"
"26.02.2020","342,600","347,000","350,320","325,768","0,42K","-2,56%"
"25.02.2020","351,584","358,000","361,600","350,000","0,62K","-2,07%"
"24.02.2020","359,000","362,000","365,744","352,956","0,46K","-3,40%"
"21.02.2020","371,652","362,000","371,652","362,000","0,12K","0,45%"
"20.02.2020","370,000","366,000","375,000","365,800","0,45K","-1,91%"
"19.02.2020","377,200","373,000","378,000","370,250","0,08K","1,95%"
"18.02.2020","370,000","365,200","370,000","363,642","0,27K","0,54%"
"14.02.2020","368,000","369,600","370,400","364,300","0,53K","0,55%"
"13.02.2020","366,000","367,422","367,422","361,700","0,12K","0,22%"
"12.02.2020","365,200","357,800","368,072","357,800","0,25K","2,58%"
"11.02.2020","356,000","360,600","360,600","356,000","0,10K","1,42%"
"10.02.2020","351,000","360,800","360,800","350,000","0,51K","-2,50%"
"07.02.2020","360,000","360,000","362,000","360,000","0,24K","0,90%"
"06.02.2020","356,800","360,000","363,400","356,800","0,76K","-1,84%"
"05.02.2020","363,500","356,800","366,270","356,800","0,33K","5,18%"
"04.02.2020","345,600","354,000","362,610","345,600","0,70K","-2,65%"
"03.02.2020","355,000","366,000","366,000","349,634","0,99K","-3,22%"
"31.01.2020","366,800","376,600","376,600","363,056","1,00K","-1,40%"
"30.01.2020","372,000","372,400","378,674","368,000","1,13K","-2,32%"
"29.01.2020","380,834","372,200","381,000","372,200","0,17K","1,33%"
"28.01.2020","375,840","384,600","384,600","375,840","0,26K","-1,09%"
"27.01.2020","380,000","379,000","380,738","374,000","0,93K","-0,84%"
"24.01.2020","383,200","390,400","390,400","383,200","0,51K","-2,99%"
"23.01.2020","395,000","398,400","398,400","387,002","1,10K","-2,06%"
"22.01.2020","403,296","412,200","412,200","400,602","0,62K","-2,83%"
"21.01.2020","415,058","415,200","418,000","408,000","0,79K","0,00%"
"17.01.2020","415,056","413,200","416,000","413,200","0,33K","-1,04%"
"16.01.2020","419,400","419,600","419,994","409,922","0,32K","2,34%"
"15.01.2020","409,800","416,600","416,600","408,200","0,59K","-0,44%"
"14.01.2020","411,600","410,000","412,460","408,600","0,58K","-0,10%"
"13.01.2020","412,000","417,600","417,600","411,002","0,29K","-1,44%"
"10.01.2020","418,000","420,000","420,000","415,000","0,16K","-0,48%"
"09.01.2020","420,032","429,200","429,200","410,000","0,83K","-0,98%"
"08.01.2020","424,172","440,000","440,800","420,508","0,82K","-3,38%"
"07.01.2020","439,000","437,400","439,208","436,054","0,22K","-0,27%"
"06.01.2020","440,200","442,000","442,104","433,946","0,59K","0,80%"
"03.01.2020","436,714","432,800","436,750","425,400","0,28K","2,78%"
"02.01.2020","424,906","430,000","434,200","424,000","0,60K","-1,37%"
"31.12.2019","430,800","436,000","436,000","426,004","0,22K","-1,10%"
"30.12.2019","435,602","428,600","437,598","428,600","0,44K","0,65%"
"27.12.2019","432,800","434,908","435,000","432,800","0,08K","0,05%"
"26.12.2019","432,600","428,000","437,940","428,000","0,40K","1,07%"
"24.12.2019","428,000","426,116","428,000","426,000","0,20K","0,00%"
"23.12.2019","428,000","428,800","431,928","425,222","0,13K","0,54%"
"20.12.2019","425,700","428,000","429,358","424,000","0,49K","-0,58%"
"19.12.2019","428,200","431,000","438,130","420,800","0,36K","-1,40%"
"18.12.2019","434,288","432,800","437,130","429,400","0,37K","0,07%"
"17.12.2019","434,000","425,000","435,000","425,000","0,43K","2,12%"
"16.12.2019","425,000","421,200","429,952","421,200","0,51K","1,67%"
"13.12.2019","418,000","420,800","421,600","418,000","0,25K","-0,43%"
"12.12.2019","419,800","418,200","421,600","407,542","0,36K","1,34%"
"11.12.2019","414,260","418,200","418,200","413,660","0,10K","-0,66%"
"10.12.2019","417,000","410,354","418,198","410,354","0,41K","0,19%"
"09.12.2019","416,202","416,200","418,200","416,200","1,00K","0,05%"
"06.12.2019","416,000","418,000","419,000","410,000","0,45K","1,46%"
"05.12.2019","410,000","415,000","415,686","410,000","0,12K","0,10%"
"04.12.2019","409,600","407,746","411,000","407,200","0,27K","2,65%"
"03.12.2019","399,042","396,400","400,000","393,600","0,26K","-0,24%"
"02.12.2019","400,000","395,400","404,000","395,400","0,62K","1,27%"
"29.11.2019","395,000","405,400","406,000","392,000","0,38K","-3,80%"
"27.11.2019","410,600","411,800","415,400","407,600","0,20K","-0,03%"
"26.11.2019","410,740","405,200","414,862","405,000","0,30K","0,53%"
"25.11.2019","408,556","409,800","412,400","400,110","0,26K","1,35%"
"22.11.2019","403,104","411,800","411,800","400,000","0,34K","-0,98%"
"21.11.2019","407,100","409,000","409,000","404,000","0,30K","1,19%"
"20.11.2019","402,296","393,200","403,358","393,200","0,07K","2,84%"
"19.11.2019","391,200","397,400","398,200","390,600","0,88K","-5,09%"
"18.11.2019","412,200","418,200","418,200","405,446","0,93K","0,19%"
"15.11.2019","411,400","408,000","417,870","408,000","0,30K","0,83%"
"14.11.2019","408,000","410,756","412,000","408,000","0,14K","0,44%"
"13.11.2019","406,216","406,000","410,800","403,000","0,26K","-0,09%"
"12.11.2019","406,600","406,000","408,000","404,390","0,75K","0,14%"
"11.11.2019","406,014","404,880","408,000","402,400","0,14K","0,95%"
"08.11.2019","402,180","403,800","408,000","402,000","0,25K","-1,64%"
"07.11.2019","408,906","408,000","410,400","404,360","0,23K","1,11%"
"06.11.2019","404,400","405,000","408,108","403,000","0,16K","0,52%"
"05.11.2019","402,300","399,576","402,300","399,576","0,04K","-0,67%"
"04.11.2019","405,000","403,200","405,800","396,000","0,28K","-0,23%"
"01.11.2019","405,928","397,600","405,928","397,000","0,13K","2,71%"
"31.10.2019","395,200","390,472","395,200","388,000","0,13K","0,05%"
"30.10.2019","395,000","395,200","397,060","393,596","0,12K","-0,90%"
"29.10.2019","398,600","398,600","398,600","396,000","0,25K","-0,50%"
"28.10.2019","400,600","404,322","405,848","396,000","0,49K","0,15%"
"25.10.2019","400,000","400,000","400,000","400,000","0,03K","-0,02%"
"24.10.2019","400,100","405,800","405,800","398,602","0,62K","0,24%"
"23.10.2019","399,156","393,200","399,200","391,424","0,17K","2,09%"
"22.10.2019","391,000","390,000","392,838","390,000","0,56K","0,72%"
"21.10.2019","388,200","409,600","409,600","383,360","0,55K","-2,26%"
"18.10.2019","397,188","400,000","400,000","393,600","0,79K","-0,20%"
"17.10.2019","398,000","394,000","398,000","390,002","0,19K","1,26%"
"16.10.2019","393,040","394,800","394,800","391,574","0,08K","0,42%"
"15.10.2019","391,400","392,600","392,600","389,370","0,17K","1,40%"
"14.10.2019","386,000","391,800","391,800","382,914","0,18K","-2,02%"
"11.10.2019","393,960","399,400","399,400","392,740","0,23K","1,10%"
"10.10.2019","389,688","383,102","393,800","383,102","0,02K","0,07%"
"09.10.2019","389,400","388,000","389,400","388,000","0,03K","1,94%"
"08.10.2019","382,000","383,000","383,000","382,000","0,04K","-2,05%"
"07.10.2019","390,000","392,000","394,000","387,600","0,19K","2,63%"
"04.10.2019","380,000","373,106","385,600","373,106","0,23K","-0,73%"
"03.10.2019","382,800","380,400","382,800","372,000","0,50K","-0,31%"
"02.10.2019","384,000","390,400","390,400","380,200","0,15K","-1,28%"
"01.10.2019","388,960","395,470","395,500","387,000","0,26K","-1,13%"
"30.09.2019","393,400","407,400","407,400","391,000","0,49K","-2,62%"
"27.09.2019","404,000","404,000","404,000","404,000","0,02K","-0,12%"
"26.09.2019","404,482","410,400","410,400","403,144","0,12K","-0,26%"
"25.09.2019","405,530","405,200","405,530","400,002","0,28K","-0,61%"
"24.09.2019","408,000","411,432","412,000","407,400","0,15K","-1,64%"
"23.09.2019","414,818","416,000","416,000","410,482","0,13K","-0,67%"
"20.09.2019","417,600","413,642","417,600","410,390","0,55K","1,41%"
"19.09.2019","411,800","415,144","415,144","407,402","0,49K","-0,53%"
"18.09.2019","414,000","414,954","417,702","413,000","0,05K","-0,14%"
"17.09.2019","414,600","436,600","436,600","414,400","0,37K","-3,31%"
"16.09.2019","428,800","414,000","435,200","407,800","1,40K","7,47%"
"13.09.2019","399,000","403,600","406,738","396,002","0,14K","-1,39%"
"12.09.2019","404,632","392,800","415,874","392,800","0,25K","1,16%"
"11.09.2019","400,000","412,800","412,800","400,000","0,41K","-3,10%"
"10.09.2019","412,800","415,840","415,840","412,800","0,13K","-0,95%"
"09.09.2019","416,772","401,800","417,166","401,800","0,20K","2,75%"
"06.09.2019","405,600","404,672","408,826","402,580","0,12K","-0,39%"
"05.09.2019","407,192","408,400","416,084","406,200","0,31K","0,08%"
"04.09.2019","406,880","408,080","408,080","399,634","0,34K","4,76%"
"03.09.2019","388,392","390,400","390,700","382,000","0,42K","-3,18%"
"30.08.2019","401,150","408,998","408,998","397,500","0,17K","-0,46%"
"29.08.2019","403,000","406,806","407,200","402,400","0,25K","1,18%"
"28.08.2019","398,318","397,800","403,800","397,644","0,27K","0,93%"
"27.08.2019","394,654","386,000","394,654","386,000","0,12K","2,08%"
"26.08.2019","386,600","403,080","403,080","379,890","0,11K","-1,38%"
"23.08.2019","392,000","396,400","400,200","390,000","0,20K","-2,29%"
"22.08.2019","401,204","402,616","404,028","395,330","0,07K","-0,54%"
"21.08.2019","403,374","403,400","403,578","403,374","0,08K","2,90%"
"20.08.2019","392,000","400,000","403,198","391,400","0,21K","-3,69%"
"19.08.2019","407,000","408,600","410,000","405,000","0,52K","1,40%"
"16.08.2019","401,400","400,000","404,998","396,770","0,46K","0,85%"
"15.08.2019","398,000","410,400","410,400","393,400","0,30K","-1,00%"
"14.08.2019","402,000","413,600","422,024","395,000","0,72K","-2,97%"
"13.08.2019","414,322","399,000","414,322","399,000","0,41K","4,51%"
"12.08.2019","396,432","398,800","398,800","396,432","0,08K","-0,65%"
"09.08.2019","399,032","386,400","399,032","386,400","0,37K","3,27%"
"08.08.2019","386,400","386,872","386,872","379,600","0,26K","3,93%"
"07.08.2019","371,802","390,000","390,000","366,778","1,13K","-5,63%"
"06.08.2019","394,000","397,000","402,890","394,000","0,37K","-1,25%"
"05.08.2019","399,000","403,224","403,224","399,000","0,20K","-0,75%"
"02.08.2019","402,006","408,888","408,888","402,006","0,10K","0,50%"
"01.08.2019","400,000","414,266","418,230","395,200","0,29K","-6,31%"
"31.07.2019","426,920","416,600","429,400","410,400","0,08K","-0,16%"
"30.07.2019","427,612","410,000","427,612","410,000","0,05K","4,04%"
"29.07.2019","411,000","409,054","413,000","409,000","0,14K","-0,52%"
"26.07.2019","413,152","402,600","413,152","402,200","0,15K","1,02%"
"25.07.2019","409,000","409,602","409,602","409,000","0,14K","-0,73%"
"24.07.2019","412,000","409,200","414,868","403,438","0,36K","0,64%"
"23.07.2019","409,394","414,200","414,200","406,444","0,30K","-0,34%"
"22.07.2019","410,800","410,200","410,800","406,800","0,17K","1,13%"
"19.07.2019","406,200","404,000","407,400","402,800","0,14K","-0,68%"
"18.07.2019","409,000","414,000","418,400","405,596","0,41K","-1,02%"
"17.07.2019","413,200","431,398","431,398","412,492","0,26K","-2,10%"
"16.07.2019","422,080","430,800","435,800","417,930","0,71K","-3,31%"
"15.07.2019","436,520","436,800","440,000","432,800","0,13K","-0,11%"
"12.07.2019","437,000","443,100","443,398","436,018","0,38K","0,18%"
"11.07.2019","436,200","436,000","437,190","436,000","0,13K","0,05%"
"10.07.2019","436,000","439,800","439,800","432,560","0,21K","2,54%"
"09.07.2019","425,200","440,000","440,000","425,116","0,46K","-0,33%"
"08.07.2019","426,600","431,420","431,420","425,916","0,14K","1,98%"
"05.07.2019","418,332","423,780","431,600","418,332","0,10K","-0,40%"
"03.07.2019","420,000","418,000","420,000","418,000","0,02K","0,46%"
"02.07.2019","418,060","434,400","434,400","416,000","0,23K","-3,72%"
"01.07.2019","434,200","418,000","434,554","418,000","0,12K","2,49%"
"28.06.2019","423,670","427,000","427,000","417,880","0,08K","-0,78%"
"27.06.2019","427,000","423,000","427,000","423,000","0,04K","0,47%"
"26.06.2019","425,002","424,800","431,800","424,000","0,26K","0,95%"
"25.06.2019","421,000","418,200","421,000","418,200","0,13K","0,67%"
"24.06.2019","418,200","414,310","418,200","414,310","0,04K","0,43%"
"21.06.2019","416,400","420,000","420,000","412,000","0,11K","-0,81%"
"20.06.2019","419,800","410,000","420,972","410,000","0,11K","4,17%"
"19.06.2019","403,000","400,000","403,000","400,000","0,17K","0,45%"
"18.06.2019","401,200","399,600","405,000","399,600","0,36K","1,43%"
"17.06.2019","395,540","395,000","397,200","394,180","0,23K","-0,27%"
"14.06.2019","396,600","400,000","400,000","395,800","0,20K","0,13%"
"13.06.2019","396,070","399,800","400,000","391,950","0,22K","3,28%"
"12.06.2019","383,478","400,000","400,000","383,478","0,23K","-5,23%"
"11.06.2019","404,652","410,000","410,000","402,632","0,14K","-1,69%"
"10.06.2019","411,600","419,600","419,600","400,000","0,43K","0,71%"
"07.06.2019","408,718","405,000","408,718","402,000","0,18K","2,18%"
"06.06.2019","400,000","397,800","400,000","388,000","0,32K","3,16%"
"05.06.2019","387,730","407,400","407,400","386,322","0,35K","-4,50%"
"04.06.2019","406,000","400,000","406,000","400,000","0,07K","2,65%"
"03.06.2019","395,524","410,800","413,588","395,524","0,98K","-1,81%"
"31.05.2019","402,820","420,200","423,058","402,820","0,40K","-6,32%"
"30.05.2019","430,000","432,274","445,428","429,600","0,15K","-4,11%"
"29.05.2019","448,408","440,000","448,408","432,000","0,16K","-0,31%"
"28.05.2019","449,800","445,000","449,800","445,000","0,03K","0,98%"
"24.05.2019","445,448","438,266","445,448","436,320","0,04K","2,09%"
"23.05.2019","436,340","443,800","448,000","436,340","0,21K","-5,88%"
"22.05.2019","463,600","476,000","476,000","462,696","0,10K","-2,61%"
"21.05.2019","476,000","469,102","476,000","469,102","0,07K","-0,71%"
"20.05.2019","479,424","485,000","485,000","479,424","0,14K","0,76%"
"17.05.2019","475,800","475,236","475,800","475,236","0,02K","0,35%"
"16.05.2019","474,144","480,636","480,636","474,144","0,03K","0,03%"
"15.05.2019","474,000","474,998","474,998","471,520","0,05K","0,42%"
"14.05.2019","472,000","471,800","474,802","471,600","0,04K","1,66%"
"13.05.2019","464,310","475,000","480,400","464,000","0,17K","-1,21%"
"10.05.2019","470,000","470,000","470,000","470,000","0,01K","1,08%"
"09.05.2019","465,000","471,000","471,000","464,000","0,44K","-1,27%"
"08.05.2019","471,000","471,800","472,800","471,000","0,03K","0,70%"
"07.05.2019","467,720","465,400","467,720","460,334","0,08K","-0,46%"
"06.05.2019","469,900","465,200","473,742","465,200","1,05K","-0,02%"
"03.05.2019","469,986","475,000","478,600","466,540","0,25K","0,51%"
"02.05.2019","467,600","476,000","476,000","465,600","0,38K","-2,27%"
"01.05.2019","478,460","477,400","481,456","476,600","0,13K","-0,28%"
"30.04.2019","479,800","481,600","481,814","479,800","0,04K","-0,83%"
"29.04.2019","483,840","475,760","483,840","475,760","0,04K","2,16%"
"26.04.2019","473,600","490,000","490,000","472,600","0,50K","-4,13%"
"25.04.2019","494,000","491,714","494,000","491,714","0,07K","0,41%"
"24.04.2019","492,000","492,550","492,900","492,000","0,57K","0,41%"
"23.04.2019","489,984","492,700","495,000","489,984","0,60K","0,56%"
"22.04.2019","487,246","480,000","490,904","480,000","0,44K","1,64%"
"18.04.2019","479,400","479,610","481,600","477,288","0,23K","0,42%"
"17.04.2019","477,400","486,980","487,000","477,400","0,74K","-2,65%"
"16.04.2019","490,400","484,000","490,400","484,000","0,09K","1,85%"
"15.04.2019","481,514","488,000","488,000","477,400","2,99K","-1,33%"
"12.04.2019","488,000","488,000","489,000","484,040","0,09K","0,00%"
"11.04.2019","488,000","487,400","488,400","485,182","0,17K","-0,85%"
"10.04.2019","492,200","482,400","492,920","482,400","0,18K","1,74%"
"09.04.2019","483,800","497,400","497,400","479,040","0,32K","-0,53%"
"08.04.2019","486,400","490,000","490,000","481,820","2,96K","0,08%"
"05.04.2019","486,000","475,000","486,000","475,000","0,27K","1,28%"
"04.04.2019","479,860","479,800","479,860","479,800","0,03K","0,35%"
"03.04.2019","478,200","478,800","480,000","475,202","0,94K","-0,11%"
"02.04.2019","478,744","479,800","479,800","471,400","0,21K","0,86%"
"01.04.2019","474,650","470,000","474,650","470,000","0,18K","1,00%"
"29.03.2019","469,960","469,960","469,960","469,960","0,01K","2,17%"
"28.03.2019","460,000","460,000","460,000","460,000","0,01K","-0,43%"
"27.03.2019","462,000","467,000","467,000","457,000","0,31K","0,00%"
"26.03.2019","462,002","460,200","465,762","460,200","0,08K","0,48%"
"25.03.2019","459,800","457,074","459,800","457,074","0,07K","0,40%"
"22.03.2019","457,946","460,000","460,000","453,174","0,22K","-0,42%"
"21.03.2019","459,898","459,848","460,104","457,838","0,31K","0,68%"
"20.03.2019","456,800","456,602","456,800","456,602","0,11K","-0,63%"
"19.03.2019","459,714","456,800","461,998","456,800","0,24K","0,59%"
"18.03.2019","457,002","462,000","462,000","457,000","0,36K","0,31%"
"15.03.2019","455,600","459,000","459,000","455,200","0,07K","-0,57%"
"14.03.2019","458,200","457,000","458,238","448,374","0,44K","-0,28%"
"13.03.2019","459,490","446,200","460,000","445,600","0,31K","3,12%"
"12.03.2019","445,600","444,000","446,000","444,000","0,27K","0,33%"
"11.03.2019","444,146","449,600","449,600","443,200","0,37K","0,85%"
"08.03.2019","440,400","437,000","445,946","433,020","0,40K","-0,51%"
"07.03.2019","442,642","439,400","445,918","439,400","0,07K","-0,42%"
"06.03.2019","444,500","450,000","450,000","436,400","1,08K","-0,40%"
"05.03.2019","446,300","445,100","448,718","441,842","0,61K","1,07%"
"04.03.2019","441,580","450,000","450,000","441,580","0,21K","0,19%"
"01.03.2019","440,722","450,000","450,000","440,722","2,17K","-2,06%"
"28.02.2019","450,000","454,800","454,800","443,980","0,63K","1,58%"
"27.02.2019","443,002","456,400","456,400","440,936","0,99K","0,18%"
"26.02.2019","442,200","440,000","442,200","436,000","0,42K","1,42%"
"25.02.2019","436,000","446,400","446,400","434,018","1,26K","-2,29%"
"22.02.2019","446,200","450,000","450,000","445,000","0,30K","0,18%"
"21.02.2019","445,400","445,800","445,800","440,024","0,43K","-0,13%"
"20.02.2019","446,000","444,600","446,000","438,002","0,53K","0,00%"
"19.02.2019","446,000","459,600","459,600","438,398","1,31K","-3,46%"
"15.02.2019","462,000","472,600","472,600","453,356","2,61K","2,35%"
"14.02.2019","451,400","453,000","453,000","442,182","0,39K","0,89%"
"13.02.2019","447,400","453,200","453,200","445,606","0,52K","1,45%"
"12.02.2019","441,000","435,200","445,598","435,200","0,36K","1,38%"
"11.02.2019","435,000","439,000","439,000","428,596","0,79K","-0,13%"
"08.02.2019","435,550","445,200","446,000","434,000","0,53K","0,27%"
"07.02.2019","434,398","440,000","440,000","431,000","0,50K","-1,45%"
"06.02.2019","440,800","438,000","441,400","437,200","0,47K","0,35%"
"05.02.2019","439,260","440,200","440,200","438,210","0,07K","0,36%"
"04.02.2019","437,698","438,000","438,000","436,610","0,04K","-0,52%"
"01.02.2019","440,000","433,800","440,000","433,800","0,02K","1,73%"
"31.01.2019","432,500","438,000","440,614","432,400","0,26K","-1,18%"
"30.01.2019","437,674","432,598","438,108","432,000","0,12K","3,02%"
"28.01.2019","424,846","432,000","432,000","424,846","0,07K","-1,47%"
"25.01.2019","431,196","428,400","432,182","428,400","0,06K","0,31%"
"24.01.2019","429,872","431,400","431,800","423,800","0,14K","1,63%"
"23.01.2019","422,962","424,506","424,600","422,800","0,05K","-0,10%"
"22.01.2019","423,400","437,200","437,200","420,000","0,46K","-2,17%"
"18.01.2019","432,800","434,000","434,000","425,760","0,11K","-0,23%"
"17.01.2019","433,800","442,800","442,800","432,200","0,09K","-0,09%"
"16.01.2019","434,200","438,000","472,200","432,200","0,76K","0,05%"
"15.01.2019","434,000","432,000","434,698","432,000","0,29K","0,87%"
"14.01.2019","430,272","430,272","430,272","430,272","0,04K","-1,31%"
"10.01.2019","435,998","435,998","435,998","435,800","0,05K","1,11%"
"09.01.2019","431,200","422,800","431,200","422,800","0,04K","4,41%"
"08.01.2019","413,000","413,000","413,000","413,000","0,02K","1,72%"
"07.01.2019","406,000","409,626","414,200","406,000","0,14K","2,01%"
"04.01.2019","397,996","397,400","397,996","397,200","0,08K","1,06%"
"03.01.2019","393,836","384,000","393,836","384,000","0,12K","2,83%"
"31.12.2018","383,000","383,000","383,000","383,000","0,01K","0,02%"
"28.12.2018","382,928","376,922","382,928","375,978","0,03K","1,79%"
"27.12.2018","376,200","375,870","377,600","375,000","0,15K","-0,71%"
"26.12.2018","378,874","367,000","378,874","367,000","0,09K","2,68%"
"24.12.2018","369,000","373,200","373,800","369,000","0,06K","-2,64%"
"21.12.2018","379,002","382,460","384,498","379,002","0,10K","-1,04%"
"20.12.2018","383,000","390,034","390,034","383,000","0,14K","-2,39%"
"19.12.2018","392,372","397,000","397,000","392,372","0,03K","1,34%"
"18.12.2018","387,200","408,452","408,452","385,800","0,12K","-6,97%"
"17.12.2018","416,200","416,200","416,200","416,200","0,01K","-1,70%"
"14.12.2018","423,400","423,400","423,400","423,400","0,01K","0,00%"
"12.12.2018","423,400","425,000","425,000","423,400","0,01K","-0,50%"
"11.12.2018","425,518","430,744","430,744","425,518","0,02K","-0,50%"
"10.12.2018","427,636","440,200","440,200","426,260","0,04K","-3,03%"
"07.12.2018","441,000","442,450","442,450","441,000","0,01K","0,80%"
"06.12.2018","437,500","437,500","437,500","437,500","0,01K","-1,02%"
"04.12.2018","442,000","440,000","442,000","440,000","0,01K","1,38%"
"03.12.2018","436,000","436,880","436,880","436,000","0,03K","4,71%"
"30.11.2018","416,400","420,000","420,000","416,400","0,03K","-2,25%"
"29.11.2018","426,000","423,474","430,300","423,474","0,23K","0,24%"
"28.11.2018","425,000","425,000","425,000","425,000","0,01K","1,43%"
"27.11.2018","419,000","424,200","424,200","416,600","0,06K","-1,94%"
"26.11.2018","427,282","427,282","427,282","427,282","0,02K","-0,77%"
"23.11.2018","430,600","443,000","443,000","430,600","0,06K","-3,24%"
"21.11.2018","445,002","447,400","447,400","445,002","0,06K","1,32%"
"20.11.2018","439,186","444,000","444,000","439,186","0,04K","-5,67%"
"19.11.2018","465,592","465,592","465,592","465,592","0,04K","-2,64%"
"16.11.2018","478,200","480,000","480,000","473,736","0,04K","1,14%"
"15.11.2018","472,788","475,792","475,792","472,788","0,03K","0,17%"
"14.11.2018","472,000","467,272","474,252","467,272","0,13K","3,65%"
"13.11.2018","455,362","486,280","486,280","455,362","0,48K","-7,63%"
"12.11.2018","493,000","500,000","500,000","493,000","0,02K","-1,16%"
"09.11.2018","498,800","501,800","501,800","494,002","0,15K","-2,46%"
"07.11.2018","511,400","510,000","512,466","510,000","0,04K","-0,83%"
"06.11.2018","515,686","522,400","522,400","511,602","0,04K","-1,62%"
"05.11.2018","524,200","526,574","526,574","524,200","0,02K","-0,53%"
"02.11.2018","527,000","522,198","527,000","522,198","0,03K","0,53%"
"01.11.2018","524,202","543,400","543,400","524,202","0,03K","-3,54%"
"31.10.2018","543,418","530,000","544,128","530,000","0,14K","-1,87%"
"29.10.2018","553,800","555,980","555,980","553,800","0,03K","-1,36%"
"26.10.2018","561,450","541,600","563,598","541,600","0,11K","0,97%"
"24.10.2018","556,048","554,304","556,048","552,200","0,03K","1,10%"
"23.10.2018","550,000","575,200","575,200","544,990","0,06K","-3,51%"
"22.10.2018","570,000","570,128","570,128","570,000","0,05K","-1,01%"
"19.10.2018","575,800","587,600","587,600","570,000","0,06K","-0,48%"
"18.10.2018","578,598","576,736","578,598","573,618","0,05K","-0,82%"
"17.10.2018","583,400","611,600","611,600","581,630","0,24K","-2,14%"
"15.10.2018","596,182","593,000","596,182","593,000","0,05K","2,11%"
"12.10.2018","583,840","596,000","596,800","583,840","0,06K","-1,91%"
"11.10.2018","595,200","595,200","595,200","595,200","0,05K","-1,91%"
"10.10.2018","606,800","606,930","606,930","606,800","0,03K","-0,74%"
"09.10.2018","611,350","611,886","611,980","611,350","0,02K","0,34%"
"08.10.2018","609,300","610,998","610,998","609,300","0,03K","0,21%"
"05.10.2018","608,030","608,030","608,030","608,030","0,03K","-0,32%"
"03.10.2018","610,000","611,060","611,060","610,000","0,04K","-0,36%"
"02.10.2018","612,190","604,400","612,190","604,400","0,02K","0,78%"
"01.10.2018","607,430","605,000","607,430","602,520","0,09K","1,60%"
"27.09.2018","597,890","597,890","597,890","597,890","0,01K","1,23%"
"26.09.2018","590,600","590,800","590,800","590,600","0,02K","-0,74%"
"25.09.2018","595,024","595,024","595,024","595,024","0,05K","-0,56%"
"24.09.2018","598,400","595,000","598,400","595,000","0,02K","1,36%"
"21.09.2018","590,400","588,000","590,598","588,000","0,07K","0,48%"
"20.09.2018","587,600","587,600","587,600","587,600","0,02K","0,68%"
"19.09.2018","583,624","579,600","583,624","579,600","0,06K","0,24%"
"18.09.2018","582,200","581,700","582,200","581,700","0,07K","1,50%"
"17.09.2018","573,600","579,000","579,054","573,600","0,36K","-0,88%"
"14.09.2018","578,712","567,200","578,712","567,200","0,03K","2,35%"
"13.09.2018","565,400","590,600","590,600","564,600","0,33K","-3,15%"
"12.09.2018","583,800","582,200","588,000","582,200","0,03K","0,76%"
"11.09.2018","579,400","562,544","579,400","562,544","0,15K","2,91%"
"10.09.2018","563,000","566,552","572,224","563,000","0,40K","0,00%"
"07.09.2018","563,022","559,136","565,200","559,136","0,27K","-1,22%"
"06.09.2018","570,000","582,400","582,400","568,600","0,34K","-0,31%"
"05.09.2018","571,800","571,960","573,000","571,800","0,21K","-1,69%"
"04.09.2018","581,600","589,400","589,400","581,600","0,07K","0,05%"
"31.08.2018","581,300","577,600","581,300","577,600","0,03K","-0,45%"
"30.08.2018","583,952","581,080","583,952","581,000","0,09K","1,05%"
"29.08.2018","577,876","574,200","577,876","574,200","0,02K","1,39%"
"28.08.2018","569,934","572,336","572,336","569,934","0,01K","-0,21%"
"27.08.2018","571,134","592,000","592,000","571,134","0,05K","-0,71%"
"24.08.2018","575,200","570,000","575,800","570,000","0,08K","1,13%"
"23.08.2018","568,800","568,800","569,000","568,800","0,03K","0,39%"
"22.08.2018","566,576","559,420","566,576","559,420","0,05K","2,45%"
"21.08.2018","553,000","553,000","553,000","553,000","0,11K","0,25%"
"20.08.2018","551,600","548,242","551,600","548,242","0,05K","0,85%"
"17.08.2018","546,940","551,106","551,106","546,940","0,13K","-0,23%"
"16.08.2018","548,200","544,400","548,200","544,400","0,10K","0,59%"
"15.08.2018","545,000","553,600","553,600","537,602","0,40K","-2,33%"
"14.08.2018","558,014","566,682","566,682","558,014","0,03K","0,09%"
"13.08.2018","557,506","560,398","560,398","549,070","0,19K","-0,50%"
"10.08.2018","560,294","571,000","571,000","560,294","0,03K","0,43%"
"09.08.2018","557,900","573,598","573,598","552,770","0,26K","0,63%"
"08.08.2018","554,394","563,800","564,000","550,000","0,40K","-2,74%"
"07.08.2018","570,000","570,000","570,000","570,000","0,04K","-1,32%"
"06.08.2018","577,600","564,000","577,600","564,000","0,10K","2,55%"
"03.08.2018","563,260","563,260","563,260","563,260","0,02K","-1,37%"
"02.08.2018","571,094","567,676","571,094","567,676","0,02K","1,91%"
"01.08.2018","560,400","567,000","567,000","558,000","0,10K","-1,82%"
"31.07.2018","570,794","574,500","574,500","570,794","0,03K","-1,45%"
"30.07.2018","579,192","577,354","579,192","577,344","0,15K","2,25%"
"27.07.2018","566,424","569,400","572,046","564,000","0,14K","-2,10%"
"26.07.2018","578,600","576,600","579,600","576,200","0,08K","1,51%"
"25.07.2018","570,000","564,330","570,000","564,000","0,11K","0,22%"
"24.07.2018","568,740","572,000","572,000","567,440","0,03K","-0,11%"
"23.07.2018","569,380","569,662","569,662","567,400","0,09K","0,31%"
"20.07.2018","567,600","563,994","568,990","561,722","0,11K","0,21%"
"19.07.2018","566,400","570,000","570,000","559,980","0,13K","-0,67%"
"18.07.2018","570,240","563,800","572,000","562,000","0,12K","0,90%"
"17.07.2018","565,130","565,130","565,130","565,130","0,03K","-0,77%"
"16.07.2018","569,506","593,400","593,400","562,480","0,26K","-1,85%"
"13.07.2018","580,264","580,264","580,264","580,264","0,02K","0,28%"
"12.07.2018","578,670","578,000","581,200","578,000","0,15K","0,12%"
"11.07.2018","578,000","587,000","587,000","578,000","0,11K","-1,54%"
"10.07.2018","587,056","594,400","594,400","585,456","0,08K","0,69%"
"09.07.2018","583,028","579,000","587,598","579,000","0,21K","-0,35%"
"05.07.2018","585,092","578,800","585,092","578,600","0,21K","1,19%"
"03.07.2018","578,200","578,200","578,600","578,200","0,07K","-1,32%"
"29.06.2018","585,924","585,924","585,924","585,924","0,01K","0,82%"
"28.06.2018","581,160","593,000","593,000","581,160","0,05K","-1,16%"
"27.06.2018","588,000","582,000","588,000","574,300","1,40K","2,57%"
"26.06.2018","573,252","566,294","573,852","564,600","0,69K","0,64%"
"25.06.2018","569,600","574,800","574,800","568,800","1,32K","-0,87%"
"22.06.2018","574,600","570,910","574,600","569,380","0,11K","4,78%"
"21.06.2018","548,400","548,300","548,400","548,200","0,10K","-0,29%"
"20.06.2018","549,996","550,000","550,000","549,996","0,02K","0,63%"
"19.06.2018","546,548","560,400","560,400","546,000","0,08K","-2,40%"
"18.06.2018","560,000","553,100","560,000","553,100","1,91K","1,60%"
"15.06.2018","551,200","562,800","562,800","551,000","0,22K","-2,06%"
"14.06.2018","562,800","563,000","563,000","562,800","0,04K","0,05%"
"13.06.2018","562,540","559,500","563,600","559,500","0,04K","0,45%"
"12.06.2018","560,000","575,000","575,000","559,200","0,32K","0,07%"
"11.06.2018","559,600","574,400","574,400","557,800","0,13K","0,74%"
"08.06.2018","555,486","553,950","555,486","553,950","0,01K","1,14%"
"06.06.2018","549,200","548,200","551,800","546,088","0,10K","-0,23%"
"05.06.2018","550,448","549,400","552,742","548,314","0,10K","0,82%"
"04.06.2018","545,952","572,000","572,000","545,952","0,06K","-1,61%"
"01.06.2018","554,896","561,000","561,000","554,896","0,02K","-1,47%"
"31.05.2018","563,202","578,800","579,000","563,202","0,23K","-2,07%"
"30.05.2018","575,106","571,200","575,106","571,200","0,03K","2,41%"
"29.05.2018","561,568","567,474","567,474","558,600","0,06K","-3,31%"
"25.05.2018","580,800","590,000","590,000","580,800","0,16K","-2,35%"
"24.05.2018","594,800","596,200","596,200","590,800","0,08K","-0,37%"
"23.05.2018","597,000","488,600","598,600","488,600","0,07K","-0,83%"
"22.05.2018","602,000","605,200","605,696","602,000","0,03K","0,00%"
"21.05.2018","601,998","660,000","660,000","599,510","0,04K","-0,01%"
"16.05.2018","602,056","603,400","603,400","602,056","0,02K","0,34%"
"14.05.2018","600,000","601,600","601,600","600,000","0,05K","0,00%"
"10.05.2018","600,000","600,000","600,000","600,000","0,08K","1,80%"
"08.05.2018","589,400","589,400","589,400","589,400","0,15K","-1,47%"
"07.05.2018","598,200","598,200","598,200","598,200","0,01K","3,29%"
"01.05.2018","579,134","579,134","579,134","579,134","0,01K","-0,85%"
"30.04.2018","584,080","582,600","584,080","582,600","0,02K","0,31%"
"26.04.2018","582,288","582,288","582,288","582,288","0,01K","-0,23%"
"24.04.2018","583,654","583,654","583,654","583,654","0,02K","-0,35%"
"18.04.2018","585,680","579,200","585,680","579,200","0,02K","2,00%"
"16.04.2018","574,180","575,800","575,800","574,180","0,02K","-0,32%"
"13.04.2018","576,000","576,200","576,200","576,000","0,04K","0,49%"
"11.04.2018","573,200","568,200","576,054","568,200","0,16K","1,96%"
"10.04.2018","562,200","562,200","562,200","562,200","0,01K","3,46%"
"06.04.2018","543,400","543,400","543,400","543,400","0,01K","-1,34%"
"02.04.2018","550,800","550,800","550,800","550,800","0,01K","-0,65%"
"29.03.2018","554,400","554,400","554,400","554,400","0,01K","1,12%"
"20.03.2018","548,240","548,240","548,240","548,240","0,01K","0,83%"
"06.03.2018","543,746","541,240","543,746","541,240","0,06K","2,16%"
"01.03.2018","532,240","525,000","532,240","524,800","0,12K","-0,12%"
"21.02.2018","532,900","532,900","532,900","532,900","0,01K","-0,61%"
"15.02.2018","536,170","532,600","536,170","532,600","0,02K","3,27%"
"14.02.2018","519,200","519,200","519,200","519,200","0,04K","-0,51%"
"12.02.2018","521,842","521,842","521,842","521,842","0,02K","-6,01%"
"06.02.2018","555,200","554,000","555,200","554,000","0,04K","0,05%"
"05.02.2018","554,908","553,600","554,908","553,600","0,04K","-2,08%"
"02.02.2018","566,696","566,696","566,696","566,696","0,01K","-1,01%"
"01.02.2018","572,488","572,488","572,488","572,488","0,01K","2,45%"
"31.01.2018","558,800","559,400","559,400","558,800","0,06K","-0,29%"
"23.01.2018","560,400","560,400","560,400","560,400","0,03K","2,26%"
"22.01.2018","548,000","548,208","548,208","548,000","0,01K","-1,43%"
"18.01.2018","555,966","552,000","555,966","552,000","0,09K","0,57%"
"17.01.2018","552,800","552,800","552,800","552,800","0,01K","-0,11%"
"12.01.2018","553,398","553,398","553,398","553,398","0,01K","-0,34%"
"11.01.2018","555,262","550,200","555,262","550,200","0,02K","1,70%"
"10.01.2018","546,000","546,000","546,000","545,800","0,04K","0,08%"
"09.01.2018","545,586","544,000","545,586","544,000","0,06K","0,47%"
"04.01.2018","543,016","542,202","543,016","542,202","0,08K","1,88%"
"29.12.2017","533,000","533,000","533,000","533,000","0,05K","0,75%"
"28.12.2017","529,038","528,200","529,700","528,200","0,10K","2,29%"
"21.12.2017","517,200","515,000","517,200","515,000","0,02K","0,77%"
"20.12.2017","513,258","492,800","513,258","492,800","0,05K","0,34%"
"11.12.2017","511,500","511,500","511,500","511,500","0,01K","0,89%"
"08.12.2017","507,000","506,600","507,000","506,600","0,07K","1,44%"
"06.12.2017","499,800","500,702","500,702","499,800","0,08K","-2,72%"
"04.12.2017","513,768","511,854","513,768","511,854","0,03K","-0,32%"
"01.12.2017","515,400","519,000","519,000","515,400","0,02K","-0,15%"
"30.11.2017","516,200","516,200","516,200","516,200","0,02K","0,47%"
"29.11.2017","513,800","511,600","513,800","511,600","0,80K","-0,20%"
"28.11.2017","514,812","514,400","514,812","514,200","0,05K","1,72%"
"27.11.2017","506,118","506,118","506,118","506,118","0,03K","0,66%"
"21.11.2017","502,780","503,540","503,540","502,400","0,16K","3,79%"
"20.11.2017","484,410","484,410","484,410","484,410","0,02K","-2,20%"
"16.11.2017","495,318","497,600","497,600","495,318","0,02K","-0,46%"
"15.11.2017","497,600","493,200","498,800","482,200","0,34K","-9,20%"
"14.11.2017","548,000","501,400","551,600","497,600","0,14K","7,35%"
"13.11.2017","510,500","522,600","522,600","509,876","0,13K","-0,80%"
"10.11.2017","514,600","513,000","514,600","513,000","0,07K","0,60%"
"09.11.2017","511,536","511,536","511,536","511,536","0,07K","0,34%"
"08.11.2017","509,800","509,800","509,800","509,800","0,06K","-0,55%"
"06.11.2017","512,600","516,000","516,000","509,800","0,12K","0,79%"
"03.11.2017","508,564","522,400","522,400","505,000","0,13K","1,15%"
"02.11.2017","502,800","500,000","503,400","500,000","0,87K","0,34%"
"01.11.2017","501,118","506,600","506,800","501,118","0,18K","-0,53%"
"31.10.2017","503,800","518,800","518,800","498,000","0,07K","0,62%"
"30.10.2017","500,704","501,000","501,000","499,578","0,18K","0,66%"
"27.10.2017","497,400","493,600","497,400","493,600","0,06K","1,76%"
"25.10.2017","488,784","488,800","488,800","488,600","0,11K","1,11%"
"24.10.2017","483,400","487,200","487,200","481,800","0,15K","0,00%"
"23.10.2017","483,400","479,400","484,776","479,400","0,30K","0,79%"
"20.10.2017","479,630","479,968","482,000","479,400","0,21K","-2,99%"
"18.10.2017","494,398","494,400","494,998","494,200","0,11K","1,30%"
"17.10.2017","488,074","492,000","492,000","488,074","0,03K","-0,92%"
"16.10.2017","492,600","494,800","494,800","491,178","0,28K","0,83%"
"13.10.2017","488,540","488,000","490,400","487,290","0,49K","1,40%"
"12.10.2017","481,800","485,800","485,800","481,800","0,06K","1,43%"
"09.10.2017","475,000","474,000","475,000","473,000","0,08K","0,55%"
"06.10.2017","472,398","472,398","472,398","472,398","0,02K","-1,99%"
"05.10.2017","482,000","483,200","483,200","482,000","0,24K","-0,06%"
"04.10.2017","482,300","482,300","482,300","482,300","0,01K","0,48%"
"02.10.2017","480,002","480,000","480,002","476,600","0,40K","-0,90%"
"28.09.2017","484,350","488,000","488,000","483,800","0,27K","-0,58%"
"27.09.2017","487,200","487,600","487,600","487,200","0,08K","1,16%"
"25.09.2017","481,600","481,600","481,600","481,600","0,01K","0,46%"
"22.09.2017","479,406","479,406","479,406","479,406","0,01K","-0,07%"
"20.09.2017","479,724","477,600","479,724","477,600","0,06K","0,99%"
"18.09.2017","475,000","469,000","475,000","469,000","0,03K","1,01%"
"13.09.2017","470,264","470,264","470,264","470,264","0,01K","0,87%"
"12.09.2017","466,196","466,196","466,196","466,196","0,02K","0,22%"
"11.09.2017","465,176","465,194","465,194","465,176","0,03K","-1,70%"
"07.09.2017","473,200","473,200","473,200","473,200","0,01K","-0,03%"
"06.09.2017","473,352","473,164","473,352","473,164","0,02K","0,92%"
"05.09.2017","469,054","456,500","469,054","456,500","0,03K","2,55%"
"01.09.2017","457,400","456,014","457,400","456,014","0,03K","0,35%"
"31.08.2017","455,800","455,600","455,800","455,600","0,03K","2,33%"
"30.08.2017","445,400","446,200","450,464","445,400","0,03K","-0,45%"
"28.08.2017","447,400","447,400","447,400","447,400","0,01K","-1,15%"
"24.08.2017","452,600","453,672","453,672","452,600","0,06K","-2,33%"
"23.08.2017","463,400","463,400","463,400","463,400","0,01K","0,03%"
"22.08.2017","463,240","463,240","463,240","463,240","0,03K","1,06%"
"18.08.2017","458,400","458,400","458,400","458,400","0,01K","-0,87%"
"17.08.2017","462,400","466,000","466,000","459,800","0,09K","-0,86%"
"15.08.2017","466,400","462,000","466,400","462,000","0,06K","0,78%"
"14.08.2017","462,800","476,998","476,998","462,800","1,01K","-1,91%"
"10.08.2017","471,800","475,000","475,168","471,800","0,06K","-1,13%"
"09.08.2017","477,200","475,574","477,200","475,574","0,03K","0,13%"
"08.08.2017","476,600","475,816","476,600","475,816","0,03K","0,42%"
"07.08.2017","474,600","475,400","475,400","474,492","0,06K","-0,29%"
"04.08.2017","476,000","473,492","476,198","473,492","0,03K","0,17%"
"03.08.2017","475,200","474,490","475,200","474,490","0,04K","0,76%"
"02.08.2017","471,600","471,600","471,600","471,600","0,01K","-0,10%"
"01.08.2017","472,060","471,000","472,060","470,444","0,13K","-0,08%"
"31.07.2017","472,432","471,602","472,432","471,602","0,08K","1,64%"
"25.07.2017","464,800","464,800","464,800","464,800","0,01K","2,29%"
"24.07.2017","454,400","454,400","454,400","454,400","0,05K","1,07%"
"21.07.2017","449,600","450,000","450,200","449,400","0,07K","-2,82%"
"20.07.2017","462,658","461,800","462,658","461,800","0,02K","1,91%"
"18.07.2017","454,000","455,468","455,468","454,000","0,04K","-1,13%"
"17.07.2017","459,198","461,600","462,322","459,000","0,16K","-0,65%"
"14.07.2017","462,198","456,600","462,198","456,600","0,14K","1,20%"
"13.07.2017","456,700","448,000","456,700","448,000","0,07K","1,65%"
"11.07.2017","449,292","442,700","449,600","442,700","0,04K","1,21%"
"10.07.2017","443,942","439,300","443,942","439,300","0,02K","1,31%"
"07.07.2017","438,200","446,200","446,200","438,200","0,07K","-4,34%"
"06.07.2017","458,100","456,000","458,100","456,000","0,03K","2,30%"
"05.07.2017","447,800","479,200","479,200","447,800","0,26K","-3,24%"
"03.07.2017","462,800","462,200","464,200","460,400","0,23K","3,72%"
"29.06.2017","446,202","446,202","446,202","446,202","0,01K","1,51%"
"27.06.2017","439,548","439,548","439,548","439,548","0,01K","1,61%"
"26.06.2017","432,600","431,912","433,200","431,336","0,09K","1,47%"
"23.06.2017","426,320","424,200","426,320","424,200","0,02K","-1,91%"
"21.06.2017","434,600","433,200","434,600","432,048","0,03K","1,26%"
"20.06.2017","429,200","429,400","429,400","429,200","0,08K","-3,03%"
"19.06.2017","442,624","441,400","442,624","441,400","0,03K","-2,68%"
"16.06.2017","454,800","453,600","455,200","452,932","0,54K","0,91%"
"15.06.2017","450,692","451,900","451,900","450,000","0,07K","-0,77%"
"14.06.2017","454,198","454,200","454,400","454,198","0,20K","-2,28%"
"13.06.2017","464,800","464,800","464,800","464,800","0,02K","0,00%"
"12.06.2017","464,800","483,600","483,600","464,800","0,04K","0,54%"
"09.06.2017","462,306","461,600","463,000","461,144","0,16K","0,20%"
"08.06.2017","461,400","464,000","464,000","461,400","0,03K","-3,43%"
"07.06.2017","477,800","477,800","477,800","477,800","0,05K","1,36%"
"05.06.2017","471,400","471,400","471,400","471,400","0,01K","-3,02%"
"01.06.2017","486,102","486,102","486,102","486,102","0,01K","-1,48%"
"30.05.2017","493,400","493,400","493,400","493,400","0,01K","0,24%"
"26.05.2017","492,200","492,200","492,200","492,200","0,05K","1,69%"
"25.05.2017","484,000","483,000","484,000","483,000","0,06K","-2,56%"
"22.05.2017","496,700","496,700","496,700","496,700","0,01K","0,57%"
"19.05.2017","493,900","493,900","493,900","493,900","0,01K","1,27%"
"18.05.2017","487,694","487,694","487,694","487,694","0,01K","0,10%"
"17.05.2017","487,200","488,380","488,380","487,200","0,03K","0,35%"
"16.05.2017","485,500","485,500","485,500","485,500","0,01K","0,98%"
"11.05.2017","480,800","480,800","480,800","480,800","0,02K","3,62%"
"05.05.2017","463,998","460,816","463,998","460,816","0,01K","-0,94%"
"04.05.2017","468,400","465,600","468,400","465,600","0,07K","-3,50%"
"27.04.2017","485,400","485,400","485,400","485,400","0,02K","5,48%"